Air (400mA)

Labels,Decay49,Decay49F1,Decay49F1R,
Type,Time Scan,Exponential Fit Time Scan,Weighted Residuals Time Scan,
Comment,,,,
Start,0.00,1.1E06,1.1E06,
Stop,99900008.000000,99900008.000000,99900008.000000,
Step,1E05,1E05,1E05,
Fixed/Offset, , , ,
XAxis,Time,Time,Time,
YAxis,Counts,Counts,Counts,

0.00,3.027E+3, , ,
1E05,4.180E+3, , ,
2E05,5.361E+3, , ,
3E05,6.338E+3, , ,
4E05,7.317E+3, , ,
5E05,8.134E+3, , ,
6E05,9.206E+3, , ,
700000.050000,1.009E+4, , ,
800000.060000,1.088E+4, , ,
900000.070000,1.176E+4, , ,
1E06,1.274E+4, , ,
1.1E06,1.242E+4,1.210E+4,2.894E+0,
1.2E06,1.221E+4,1.202E+4,1.685E+0,
1.3E06,1.189E+4,1.195E+4,-5.761E-1,
1.4E06,1.191E+4,1.188E+4,3.082E-1,
1.5E06,1.202E+4,1.181E+4,1.902E+0,
1.6E06,1.193E+4,1.174E+4,1.711E+0,
1.7E06,1.167E+4,1.167E+4,-1.341E-2,
1.8E06,1.174E+4,1.160E+4,1.299E+0,
1.9E06,1.166E+4,1.153E+4,1.225E+0,
2E06,1.155E+4,1.146E+4,8.408E-1,
2.1E06,1.161E+4,1.140E+4,2.022E+0,
2.2E06,1.143E+4,1.133E+4,9.524E-1,
2.3E06,1.121E+4,1.126E+4,-4.985E-1,
2.4E06,1.118E+4,1.120E+4,-1.693E-1,
2.5E06,1.119E+4,1.113E+4,5.147E-1,
2.6E06,1.123E+4,1.107E+4,1.512E+0,
2.7E06,1.104E+4,1.100E+4,3.570E-1,
2.8E06,1.093E+4,1.094E+4,-1.026E-1,
2.9E06,1.101E+4,1.087E+4,1.329E+0,
3E06,1.077E+4,1.081E+4,-4.120E-1,
3.1E06,1.090E+4,1.075E+4,1.451E+0,
3.2E06,1.061E+4,1.069E+4,-8.043E-1,
3.3E06,1.051E+4,1.063E+4,-1.177E+0,
3.4E06,1.056E+4,1.057E+4,-2.816E-2,
3.5E06,1.051E+4,1.051E+4,7.149E-2,
3.6E06,1.042E+4,1.045E+4,-2.148E-1,
3.7E06,1.042E+4,1.039E+4,3.557E-1,
3.8E06,1.012E+4,1.033E+4,-2.037E+0,
3.9E06,1.023E+4,1.027E+4,-3.521E-1,
4E06,1.016E+4,1.021E+4,-5.138E-1,
4.1E06,9.995E+3,1.015E+4,-1.595E+0,
4.2E06,1.010E+4,1.010E+4,-2.541E-2,
4.3E06,9.971E+3,1.004E+4,-7.023E-1,
4.4E06,9.954E+3,9.985E+3,-3.123E-1,
4.5E06,9.952E+3,9.930E+3,2.241E-1,
4.6E06,9.872E+3,9.875E+3,-2.593E-2,
4.7E06,9.726E+3,9.820E+3,-9.527E-1,
4.8E06,9.853E+3,9.766E+3,8.786E-1,
4.9E06,9.746E+3,9.712E+3,3.439E-1,
5E06,9.752E+3,9.659E+3,9.443E-1,
5.1E06,9.526E+3,9.606E+3,-8.184E-1,
5.2E06,9.336E+3,9.553E+3,-2.250E+0,
5.3E06,9.401E+3,9.501E+3,-1.036E+0,
5.4E06,9.616E+3,9.450E+3,1.695E+0,
5.5E06,9.281E+3,9.399E+3,-1.221E+0,
5.6E06,9.281E+3,9.348E+3,-6.945E-1,
5.7E06,9.296E+3,9.298E+3,-1.612E-2,
5.8E06,9.215E+3,9.248E+3,-3.398E-1,
5.9E06,9.301E+3,9.198E+3,1.067E+0,
6E06,8.842E+3,9.149E+3,-3.264E+0,
6.1E06,9.038E+3,9.100E+3,-6.544E-1,
6.2E06,8.915E+3,9.052E+3,-1.450E+0,
6.3E06,8.903E+3,9.004E+3,-1.070E+0,
6400000.500000,8.945E+3,8.956E+3,-1.203E-1,
6500000.500000,8.836E+3,8.909E+3,-7.788E-1,
6600000.500000,8.881E+3,8.862E+3,1.972E-1,
6700000.500000,8.891E+3,8.816E+3,7.953E-1,
6800000.500000,8.667E+3,8.770E+3,-1.106E+0,
6900000.500000,8.617E+3,8.724E+3,-1.156E+0,
7000000.500000,8.767E+3,8.679E+3,9.396E-1,
7100000.600000,8.672E+3,8.634E+3,4.070E-1,
7200000.600000,8.606E+3,8.590E+3,1.774E-1,
7300000.600000,8.533E+3,8.545E+3,-1.336E-1,
7400000.600000,8.500E+3,8.502E+3,-1.635E-2,
7500000.600000,8.545E+3,8.458E+3,9.409E-1,
7600000.600000,8.519E+3,8.415E+3,1.128E+0,
7700000.600000,8.293E+3,8.372E+3,-8.688E-1,
7800000.600000,8.322E+3,8.330E+3,-8.421E-2,
7900000.600000,8.279E+3,8.288E+3,-9.444E-2,
8000000.600000,8.308E+3,8.246E+3,6.819E-1,
8100000.600000,8.158E+3,8.204E+3,-5.141E-1,
8200000.600000,8.208E+3,8.163E+3,4.927E-1,
8300000.600000,8.016E+3,8.123E+3,-1.191E+0,
8400000.700000,8.109E+3,8.082E+3,2.975E-1,
8500000.700000,7.802E+3,8.042E+3,-2.719E+0,
8600000.700000,8.140E+3,8.002E+3,1.525E+0,
8700000.700000,7.898E+3,7.963E+3,-7.307E-1,
8800000.700000,7.835E+3,7.924E+3,-1.003E+0,
8900000.700000,7.823E+3,7.885E+3,-7.013E-1,
9000000.700000,7.969E+3,7.847E+3,1.372E+0,
9100000.700000,7.678E+3,7.808E+3,-1.488E+0,
9200000.700000,7.903E+3,7.771E+3,1.490E+0,
9300000.700000,7.782E+3,7.733E+3,5.559E-1,
9400000.700000,7.578E+3,7.696E+3,-1.352E+0,
9500000.700000,7.601E+3,7.659E+3,-6.625E-1,
9600000.800000,7.616E+3,7.622E+3,-7.006E-2,
9700000.800000,7.718E+3,7.586E+3,1.505E+0,
9800000.800000,7.717E+3,7.550E+3,1.904E+0,
9900000.800000,7.409E+3,7.514E+3,-1.219E+0,
1E07,7.371E+3,7.478E+3,-1.252E+0,
1.01E07,7.296E+3,7.443E+3,-1.724E+0,
1.02E07,7.400E+3,7.408E+3,-9.747E-2,
1.03E07,7.433E+3,7.374E+3,6.870E-1,
1.04E07,7.343E+3,7.339E+3,4.165E-2,
1.05E07,7.155E+3,7.305E+3,-1.778E+0,
1.06E07,7.215E+3,7.272E+3,-6.662E-1,
1.07E07,7.274E+3,7.238E+3,4.211E-1,
1.08E07,7.045E+3,7.205E+3,-1.904E+0,
1.09E07,7.278E+3,7.172E+3,1.244E+0,
1.1E07,7.145E+3,7.139E+3,6.883E-2,
1.11E07,7.137E+3,7.107E+3,3.581E-1,
1.12E07,6.996E+3,7.075E+3,-9.394E-1,
1.13E07,7.195E+3,7.043E+3,1.796E+0,
1.14E07,6.938E+3,7.011E+3,-8.766E-1,
1.15E07,6.975E+3,6.980E+3,-5.533E-2,
1.16E07,7.029E+3,6.948E+3,9.604E-1,
1.17E07,6.851E+3,6.918E+3,-8.046E-1,
1.18E07,6.918E+3,6.887E+3,3.732E-1,
1.19E07,6.857E+3,6.857E+3,5.213E-3,
1.2E07,6.892E+3,6.826E+3,7.899E-1,
1.21E07,6.827E+3,6.797E+3,3.688E-1,
1.22E07,6.861E+3,6.767E+3,1.136E+0,
1.23E07,6.745E+3,6.737E+3,9.181E-2,
1.24E07,6.669E+3,6.708E+3,-4.810E-1,
1.25E07,6.719E+3,6.679E+3,4.838E-1,
1.26E07,6.642E+3,6.651E+3,-1.060E-1,
1.27E07,6.596E+3,6.622E+3,-3.222E-1,
1.28E07,6.701E+3,6.594E+3,1.308E+0,
1.29E07,6.434E+3,6.566E+3,-1.645E+0,
1.3E07,6.457E+3,6.538E+3,-1.010E+0,
1.31E07,6.607E+3,6.511E+3,1.186E+0,
1.32E07,6.605E+3,6.483E+3,1.498E+0,
1.33E07,6.332E+3,6.456E+3,-1.560E+0,
1.34E07,6.447E+3,6.429E+3,2.214E-1,
1.35E07,6.531E+3,6.403E+3,1.589E+0,
1.36E07,6.257E+3,6.376E+3,-1.506E+0,
1.37E07,6.238E+3,6.350E+3,-1.416E+0,
1.38E07,6.246E+3,6.324E+3,-9.846E-1,
1.39E07,6.290E+3,6.298E+3,-1.008E-1,
1.4E07,6.043E+3,6.272E+3,-2.951E+0,
1.41E07,6.320E+3,6.247E+3,9.185E-1,
1.42E07,6.240E+3,6.222E+3,2.307E-1,
1.43E07,6.099E+3,6.197E+3,-1.252E+0,
1.44E07,6.121E+3,6.172E+3,-6.518E-1,
1.45E07,6.078E+3,6.147E+3,-8.902E-1,
1.46E07,5.976E+3,6.123E+3,-1.902E+0,
1.47E07,6.122E+3,6.099E+3,2.962E-1,
1.48E07,5.973E+3,6.075E+3,-1.318E+0,
1.49E07,6.058E+3,6.051E+3,8.965E-2,
1.5E07,5.954E+3,6.027E+3,-9.514E-1,
1.51E07,5.947E+3,6.004E+3,-7.391E-1,
1.52E07,5.899E+3,5.981E+3,-1.065E+0,
1.53E07,5.785E+3,5.958E+3,-2.271E+0,
1.54E07,5.907E+3,5.935E+3,-3.627E-1,
1.55E07,5.799E+3,5.912E+3,-1.487E+0,
1.56E07,5.834E+3,5.890E+3,-7.296E-1,
1.57E07,5.824E+3,5.867E+3,-5.690E-1,
1.58E07,6.032E+3,5.845E+3,2.404E+0,
1.59E07,5.878E+3,5.823E+3,7.126E-1,
1.6E07,5.796E+3,5.802E+3,-7.361E-2,
1.61E07,5.773E+3,5.780E+3,-9.237E-2,
1.62E07,5.757E+3,5.759E+3,-2.118E-2,
1.63E07,5.755E+3,5.737E+3,2.324E-1,
1.64E07,5.684E+3,5.716E+3,-4.285E-1,
1.65E07,5.804E+3,5.695E+3,1.425E+0,
1.66E07,5.723E+3,5.675E+3,6.387E-1,
1.67E07,5.671E+3,5.654E+3,2.240E-1,
1.68E07,5.687E+3,5.634E+3,7.063E-1,
1.69E07,5.641E+3,5.614E+3,3.660E-1,
1.7E07,5.450E+3,5.593E+3,-1.943E+0,
1.71E07,5.723E+3,5.574E+3,1.975E+0,
1.72E07,5.528E+3,5.554E+3,-3.473E-1,
1.73E07,5.473E+3,5.534E+3,-8.278E-1,
1.74E07,5.470E+3,5.515E+3,-6.061E-1,
1.75E07,5.542E+3,5.496E+3,6.238E-1,
1.76E07,5.546E+3,5.476E+3,9.338E-1,
1.77E07,5.349E+3,5.458E+3,-1.484E+0,
1.78E07,5.477E+3,5.439E+3,5.173E-1,
1.79E07,5.416E+3,5.420E+3,-5.535E-2,
1.8E07,5.446E+3,5.402E+3,6.019E-1,
1.81E07,5.528E+3,5.383E+3,1.947E+0,
1.82E07,5.417E+3,5.365E+3,7.059E-1,
1.83E07,5.239E+3,5.347E+3,-1.492E+0,
1.84E07,5.395E+3,5.329E+3,8.972E-1,
1.85E07,5.336E+3,5.311E+3,3.375E-1,
1.86E07,5.355E+3,5.294E+3,8.372E-1,
1.87E07,5.185E+3,5.276E+3,-1.268E+0,
1.88E07,5.313E+3,5.259E+3,7.416E-1,
1.89E07,5.267E+3,5.242E+3,3.478E-1,
1.9E07,5.285E+3,5.225E+3,8.293E-1,
1.91E07,5.117E+3,5.208E+3,-1.269E+0,
1.92E07,5.215E+3,5.191E+3,3.318E-1,
1.93E07,5.208E+3,5.174E+3,4.656E-1,
1.94E07,5.256E+3,5.158E+3,1.353E+0,
1.95E07,5.163E+3,5.142E+3,2.987E-1,
1.96E07,5.210E+3,5.125E+3,1.173E+0,
1.97E07,5.111E+3,5.109E+3,2.513E-2,
1.98E07,5.102E+3,5.093E+3,1.227E-1,
1.99E07,5.081E+3,5.077E+3,5.062E-2,
2E07,5.002E+3,5.062E+3,-8.438E-1,
2.01E07,5.076E+3,5.046E+3,4.198E-1,
2.02E07,4.977E+3,5.031E+3,-7.603E-1,
2.03E07,5.029E+3,5.015E+3,1.932E-1,
2.04E07,4.996E+3,5.000E+3,-5.790E-2,
2.05E07,4.974E+3,4.985E+3,-1.561E-1,
2.06E07,4.900E+3,4.970E+3,-1.001E+0,
2.07E07,4.935E+3,4.955E+3,-2.876E-1,
2.08E07,4.846E+3,4.940E+3,-1.357E+0,
2.09E07,4.937E+3,4.926E+3,1.583E-1,
2.1E07,4.906E+3,4.911E+3,-7.700E-2,
2.11E07,4.907E+3,4.897E+3,1.424E-1,
2.12E07,4.917E+3,4.883E+3,4.880E-1,
2.13E07,4.876E+3,4.869E+3,1.054E-1,
2.14E07,4.831E+3,4.855E+3,-3.399E-1,
2.15E07,4.827E+3,4.841E+3,-1.974E-1,
2.16E07,4.961E+3,4.827E+3,1.904E+0,
2.17E07,4.794E+3,4.813E+3,-2.779E-1,
2.18E07,4.729E+3,4.800E+3,-1.028E+0,
2.19E07,4.788E+3,4.786E+3,2.583E-2,
2.2E07,4.780E+3,4.773E+3,1.032E-1,
2.21E07,4.735E+3,4.760E+3,-3.578E-1,
2.22E07,4.868E+3,4.746E+3,1.742E+0,
2.23E07,4.742E+3,4.733E+3,1.241E-1,
2.24E07,4.814E+3,4.721E+3,1.347E+0,
2.25E07,4.639E+3,4.708E+3,-1.009E+0,
2.26E07,4.691E+3,4.695E+3,-5.838E-2,
2.27E07,4.725E+3,4.682E+3,6.199E-1,
2.28E07,4.693E+3,4.670E+3,3.375E-1,
2.29E07,4.601E+3,4.657E+3,-8.325E-1,
2.3E07,4.591E+3,4.645E+3,-7.994E-1,
2.31E07,4.631E+3,4.633E+3,-2.874E-2,
2.32E07,4.782E+3,4.621E+3,2.330E+0,
2.33E07,4.584E+3,4.609E+3,-3.669E-1,
2.34E07,4.587E+3,4.597E+3,-1.465E-1,
2.35E07,4.463E+3,4.585E+3,-1.828E+0,
2.36E07,4.621E+3,4.573E+3,7.004E-1,
2.37E07,4.393E+3,4.562E+3,-2.546E+0,
2.38E07,4.483E+3,4.550E+3,-1.004E+0,
2.39E07,4.585E+3,4.539E+3,6.824E-1,
2.4E07,4.546E+3,4.527E+3,2.751E-1,
2.41E07,4.572E+3,4.516E+3,8.253E-1,
2.42E07,4.574E+3,4.505E+3,1.020E+0,
2.43E07,4.396E+3,4.494E+3,-1.478E+0,
2.44E07,4.408E+3,4.483E+3,-1.129E+0,
2.45E07,4.464E+3,4.472E+3,-1.211E-1,
2.46E07,4.540E+3,4.461E+3,1.168E+0,
2.47E07,4.521E+3,4.451E+3,1.047E+0,
2.48E07,4.369E+3,4.440E+3,-1.073E+0,
2.49E07,4.435E+3,4.429E+3,8.405E-2,
2.5E07,4.381E+3,4.419E+3,-5.733E-1,
2.51E07,4.381E+3,4.409E+3,-4.166E-1,
2.52E07,4.410E+3,4.398E+3,1.764E-1,
2.53E07,4.508E+3,4.388E+3,1.786E+0,
2.54E07,4.410E+3,4.378E+3,4.825E-1,
2.55E07,4.416E+3,4.368E+3,7.236E-1,
2.56E07,4.331E+3,4.358E+3,-4.096E-1,
2.57E07,4.343E+3,4.348E+3,-7.709E-2,
2.58E07,4.297E+3,4.338E+3,-6.298E-1,
2.59E07,4.478E+3,4.329E+3,2.233E+0,
2.6E07,4.262E+3,4.319E+3,-8.720E-1,
2.61E07,4.356E+3,4.309E+3,7.066E-1,
2.62E07,4.209E+3,4.300E+3,-1.401E+0,
2.63E07,4.312E+3,4.290E+3,3.278E-1,
2.64E07,4.274E+3,4.281E+3,-1.092E-1,
2.65E07,4.273E+3,4.272E+3,1.702E-2,
2.66E07,4.093E+3,4.263E+3,-2.653E+0,
2.67E07,4.245E+3,4.254E+3,-1.320E-1,
2.68E07,4.297E+3,4.245E+3,7.998E-1,
2.69E07,4.281E+3,4.236E+3,6.937E-1,
2.7E07,4.265E+3,4.227E+3,5.861E-1,
2.71E07,4.224E+3,4.218E+3,9.366E-2,
2.72E07,4.220E+3,4.209E+3,1.667E-1,
2.73E07,4.281E+3,4.200E+3,1.230E+0,
2.74E07,4.321E+3,4.192E+3,1.964E+0,
2.75E07,4.186E+3,4.183E+3,4.069E-2,
2.76E07,4.222E+3,4.175E+3,7.248E-1,
2.77E07,4.125E+3,4.167E+3,-6.463E-1,
2.78E07,4.215E+3,4.158E+3,8.751E-1,
2.79E07,4.198E+3,4.150E+3,7.419E-1,
2.8E07,4.047E+3,4.142E+3,-1.489E+0,
2.81E07,4.111E+3,4.134E+3,-3.527E-1,
2.82E07,4.147E+3,4.126E+3,3.330E-1,
2.83E07,4.100E+3,4.118E+3,-2.743E-1,
2.84E07,4.101E+3,4.110E+3,-1.348E-1,
2.85E07,4.156E+3,4.102E+3,8.412E-1,
2.86E07,4.073E+3,4.094E+3,-3.286E-1,
2.87E07,4.087E+3,4.086E+3,1.200E-2,
2.88E07,4.116E+3,4.079E+3,5.836E-1,
2.89E07,4.160E+3,4.071E+3,1.381E+0,
2.9E07,4.067E+3,4.063E+3,5.651E-2,
2.91E07,4.061E+3,4.056E+3,7.991E-2,
2.92E07,4.023E+3,4.048E+3,-4.017E-1,
2.93E07,3.993E+3,4.041E+3,-7.614E-1,
2.94E07,3.982E+3,4.034E+3,-8.209E-1,
2.95E07,3.976E+3,4.027E+3,-8.017E-1,
2.96E07,4.008E+3,4.019E+3,-1.795E-1,
2.97E07,3.980E+3,4.012E+3,-5.109E-1,
2.98E07,4.117E+3,4.005E+3,1.743E+0,
2.99E07,4.091E+3,3.998E+3,1.452E+0,
3E07,4.038E+3,3.991E+3,7.368E-1,
3.01E07,4.033E+3,3.984E+3,7.672E-1,
3.02E07,4.051E+3,3.977E+3,1.156E+0,
3.03E07,4.011E+3,3.971E+3,6.373E-1,
3.04E07,3.953E+3,3.964E+3,-1.734E-1,
3.05E07,4.007E+3,3.957E+3,7.864E-1,
3.06E07,4.035E+3,3.951E+3,1.329E+0,
3.07E07,3.936E+3,3.944E+3,-1.278E-1,
3.08E07,3.967E+3,3.937E+3,4.684E-1,
3.09E07,3.842E+3,3.931E+3,-1.436E+0,
3.1E07,3.888E+3,3.925E+3,-5.872E-1,
3.11E07,3.926E+3,3.918E+3,1.237E-1,
3.12E07,3.948E+3,3.912E+3,5.739E-1,
3.13E07,4.033E+3,3.906E+3,2.005E+0,
3.14E07,3.919E+3,3.899E+3,3.120E-1,
3.15E07,3.912E+3,3.893E+3,2.988E-1,
3.16E07,3.870E+3,3.887E+3,-2.765E-1,
3.17E07,3.953E+3,3.881E+3,1.143E+0,
3.18E07,3.907E+3,3.875E+3,5.099E-1,
3.19E07,3.838E+3,3.869E+3,-5.031E-1,
3.2E07,3.845E+3,3.863E+3,-2.944E-1,
3.21E07,3.878E+3,3.857E+3,3.310E-1,
3.22E07,3.907E+3,3.852E+3,8.868E-1,
3.23E07,3.755E+3,3.846E+3,-1.482E+0,
3.24E07,3.891E+3,3.840E+3,8.164E-1,
3.25E07,3.934E+3,3.834E+3,1.588E+0,
3.26E07,3.795E+3,3.829E+3,-5.481E-1,
3.27E07,3.834E+3,3.823E+3,1.748E-1,
3.28E07,3.798E+3,3.818E+3,-3.186E-1,
3.29E07,3.834E+3,3.812E+3,3.530E-1,
3.3E07,3.854E+3,3.807E+3,7.621E-1,
3.31E07,3.810E+3,3.801E+3,1.412E-1,
3.32E07,3.785E+3,3.796E+3,-1.775E-1,
3.33E07,3.803E+3,3.791E+3,2.011E-1,
3.34E07,3.731E+3,3.785E+3,-8.893E-1,
3.35E07,3.779E+3,3.780E+3,-1.771E-2,
3.36E07,3.692E+3,3.775E+3,-1.364E+0,
3.37E07,3.775E+3,3.770E+3,8.548E-2,
3.38E07,3.848E+3,3.765E+3,1.344E+0,
3.39E07,3.830E+3,3.760E+3,1.138E+0,
3.4E07,3.744E+3,3.755E+3,-1.724E-1,
3.41E07,3.719E+3,3.750E+3,-5.012E-1,
3.42E07,3.797E+3,3.745E+3,8.500E-1,
3.43E07,3.717E+3,3.740E+3,-3.726E-1,
3.44E07,3.700E+3,3.735E+3,-5.730E-1,
3.45E07,3.828E+3,3.730E+3,1.583E+0,
3.46E07,3.718E+3,3.725E+3,-1.188E-1,
3.47E07,3.744E+3,3.720E+3,3.841E-1,
3.48E07,3.791E+3,3.716E+3,1.222E+0,
3.49E07,3.667E+3,3.711E+3,-7.286E-1,
3.5E07,3.702E+3,3.706E+3,-7.376E-2,
3.51E07,3.680E+3,3.702E+3,-3.609E-1,
3.52E07,3.805E+3,3.697E+3,1.745E+0,
3.53E07,3.663E+3,3.693E+3,-4.926E-1,
3.54E07,3.637E+3,3.688E+3,-8.512E-1,
3.55E07,3.696E+3,3.684E+3,1.993E-1,
3.56E07,3.597E+3,3.679E+3,-1.375E+0,
3.57E07,3.629E+3,3.675E+3,-7.652E-1,
3.58E07,3.624E+3,3.671E+3,-7.767E-1,
3.59E07,3.642E+3,3.666E+3,-4.052E-1,
3.6E07,3.634E+3,3.662E+3,-4.675E-1,
3.61E07,3.765E+3,3.658E+3,1.745E+0,
3.62E07,3.670E+3,3.654E+3,2.683E-1,
3.63E07,3.638E+3,3.650E+3,-1.920E-1,
3.64E07,3.614E+3,3.645E+3,-5.231E-1,
3.65E07,3.652E+3,3.641E+3,1.762E-1,
3.66E07,3.704E+3,3.637E+3,1.096E+0,
3.67E07,3.498E+3,3.633E+3,-2.287E+0,
3.68E07,3.605E+3,3.629E+3,-4.039E-1,
3.69E07,3.623E+3,3.625E+3,-3.791E-2,
3.7E07,3.580E+3,3.621E+3,-6.910E-1,
3.71E07,3.541E+3,3.617E+3,-1.285E+0,
3.72E07,3.654E+3,3.614E+3,6.688E-1,
3.73E07,3.609E+3,3.610E+3,-1.213E-2,
3.74E07,3.683E+3,3.606E+3,1.270E+0,
3.75E07,3.630E+3,3.602E+3,4.624E-1,
3.76E07,3.678E+3,3.598E+3,1.313E+0,
3.77E07,3.558E+3,3.595E+3,-6.148E-1,
3.78E07,3.550E+3,3.591E+3,-6.879E-1,
3.79E07,3.681E+3,3.587E+3,1.544E+0,
3.8E07,3.617E+3,3.584E+3,5.537E-1,
3.81E07,3.584E+3,3.580E+3,6.510E-2,
3.82E07,3.643E+3,3.577E+3,1.101E+0,
3.83E07,3.612E+3,3.573E+3,6.490E-1,
3.84E07,3.608E+3,3.569E+3,6.413E-1,
3.85E07,3.569E+3,3.566E+3,5.025E-2,
3.86E07,3.681E+3,3.563E+3,1.952E+0,
3.87E07,3.595E+3,3.559E+3,5.985E-1,
3.88E07,3.502E+3,3.556E+3,-9.077E-1,
3.89E07,3.537E+3,3.552E+3,-2.580E-1,
3.9E07,3.589E+3,3.549E+3,6.677E-1,
3.91E07,3.512E+3,3.546E+3,-5.684E-1,
3.92E07,3.532E+3,3.542E+3,-1.749E-1,
3.93E07,3.590E+3,3.539E+3,8.490E-1,
3.94E07,3.599E+3,3.536E+3,1.052E+0,
3.95E07,3.585E+3,3.533E+3,8.738E-1,
3.96E07,3.442E+3,3.529E+3,-1.491E+0,
3.97E07,3.421E+3,3.526E+3,-1.801E+0,
3.98E07,3.463E+3,3.523E+3,-1.023E+0,
3.99E07,3.386E+3,3.520E+3,-2.304E+0,
4E07,3.552E+3,3.517E+3,5.870E-1,
4.01E07,3.489E+3,3.514E+3,-4.225E-1,
4.02E07,3.495E+3,3.511E+3,-2.693E-1,
4.03E07,3.461E+3,3.508E+3,-7.975E-1,
4.04E07,3.599E+3,3.505E+3,1.568E+0,
4.05E07,3.574E+3,3.502E+3,1.205E+0,
4.06E07,3.564E+3,3.499E+3,1.088E+0,
4.07E07,3.427E+3,3.496E+3,-1.181E+0,
4.08E07,3.502E+3,3.493E+3,1.481E-1,
4.09E07,3.419E+3,3.490E+3,-1.221E+0,
4.1E07,3.557E+3,3.488E+3,1.165E+0,
4.11E07,3.462E+3,3.485E+3,-3.860E-1,
4.12E07,3.526E+3,3.482E+3,7.424E-1,
4.13E07,3.461E+3,3.479E+3,-3.084E-1,
4.14E07,3.615E+3,3.476E+3,2.305E+0,
4.15E07,3.444E+3,3.474E+3,-5.054E-1,
4.16E07,3.498E+3,3.471E+3,4.573E-1,
4.17E07,3.421E+3,3.468E+3,-8.082E-1,
4.18E07,3.415E+3,3.466E+3,-8.660E-1,
4.19E07,3.504E+3,3.463E+3,6.932E-1,
4.2E07,3.380E+3,3.460E+3,-1.382E+0,
4.21E07,3.411E+3,3.458E+3,-8.005E-1,
4.22E07,3.402E+3,3.455E+3,-9.116E-1,
4.23E07,3.530E+3,3.453E+3,1.302E+0,
4.24E07,3.511E+3,3.450E+3,1.028E+0,
4.25E07,3.394E+3,3.448E+3,-9.195E-1,
4.26E07,3.499E+3,3.445E+3,9.117E-1,
4.27E07,3.496E+3,3.443E+3,9.032E-1,
4.28E07,3.363E+3,3.440E+3,-1.330E+0,
4.29E07,3.439E+3,3.438E+3,2.202E-2,
4.3E07,3.506E+3,3.435E+3,1.194E+0,
4.31E07,3.337E+3,3.433E+3,-1.660E+0,
4.32E07,3.428E+3,3.431E+3,-4.310E-2,
4.33E07,3.450E+3,3.428E+3,3.717E-1,
4.34E07,3.502E+3,3.426E+3,1.287E+0,
4.35E07,3.462E+3,3.424E+3,6.541E-1,
4.36E07,3.528E+3,3.421E+3,1.798E+0,
4.37E07,3.348E+3,3.419E+3,-1.226E+0,
4.38E07,3.484E+3,3.417E+3,1.141E+0,
4.39E07,3.528E+3,3.414E+3,1.912E+0,
4.4E07,3.525E+3,3.412E+3,1.900E+0,
4.41E07,3.319E+3,3.410E+3,-1.579E+0,
4.42E07,3.323E+3,3.408E+3,-1.471E+0,
4.43E07,3.490E+3,3.406E+3,1.428E+0,
4.44E07,3.456E+3,3.403E+3,8.935E-1,
4.45E07,3.411E+3,3.401E+3,1.654E-1,
4.46E07,3.338E+3,3.399E+3,-1.060E+0,
4.47E07,3.431E+3,3.397E+3,5.785E-1,
4.48E07,3.392E+3,3.395E+3,-5.204E-2,
4.49E07,3.474E+3,3.393E+3,1.375E+0,
4.5E07,3.430E+3,3.391E+3,6.674E-1,
4.51E07,3.467E+3,3.389E+3,1.327E+0,
4.52E07,3.415E+3,3.387E+3,4.816E-1,
4.53E07,3.446E+3,3.385E+3,1.042E+0,
4.54E07,3.400E+3,3.383E+3,2.938E-1,
4.55E07,3.295E+3,3.381E+3,-1.496E+0,
4.56E07,3.314E+3,3.379E+3,-1.128E+0,
4.57E07,3.378E+3,3.377E+3,1.708E-2,
4.58E07,3.373E+3,3.375E+3,-3.590E-2,
4.59E07,3.360E+3,3.373E+3,-2.273E-1,
4.6E07,3.387E+3,3.371E+3,2.700E-1,
4.61E07,3.358E+3,3.369E+3,-1.969E-1,
4.62E07,3.372E+3,3.368E+3,7.662E-2,
4.63E07,3.354E+3,3.366E+3,-2.021E-1,
4.64E07,3.294E+3,3.364E+3,-1.217E+0,
4.65E07,3.472E+3,3.362E+3,1.866E+0,
4.66E07,3.439E+3,3.360E+3,1.343E+0,
4.67E07,3.443E+3,3.358E+3,1.441E+0,
4.68E07,3.294E+3,3.357E+3,-1.092E+0,
4.69E07,3.395E+3,3.355E+3,6.875E-1,
4.7E07,3.390E+3,3.353E+3,6.321E-1,
4.71E07,3.454E+3,3.351E+3,1.745E+0,
4.72E07,3.239E+3,3.350E+3,-1.946E+0,
4.73E07,3.339E+3,3.348E+3,-1.567E-1,
4.74E07,3.296E+3,3.346E+3,-8.773E-1,
4.75E07,3.376E+3,3.345E+3,5.388E-1,
4.76E07,3.375E+3,3.343E+3,5.503E-1,
4.77E07,3.402E+3,3.341E+3,1.039E+0,
4.78E07,3.421E+3,3.340E+3,1.389E+0,
4.79E07,3.366E+3,3.338E+3,4.804E-1,
4.8E07,3.306E+3,3.337E+3,-5.309E-1,
4.81E07,3.343E+3,3.335E+3,1.396E-1,
4.82E07,3.310E+3,3.333E+3,-4.058E-1,
4.83E07,3.296E+3,3.332E+3,-6.232E-1,
4.84E07,3.355E+3,3.330E+3,4.277E-1,
4.85E07,3.323E+3,3.329E+3,-9.857E-2,
4.86E07,3.366E+3,3.327E+3,6.696E-1,
4.87E07,3.209E+3,3.326E+3,-2.059E+0,
4.88E07,3.383E+3,3.324E+3,1.012E+0,
4.89E07,3.202E+3,3.323E+3,-2.132E+0,
4.9E07,3.330E+3,3.321E+3,1.533E-1,
4.91E07,3.260E+3,3.320E+3,-1.045E+0,
4.92E07,3.365E+3,3.318E+3,8.063E-1,
4.93E07,3.371E+3,3.317E+3,9.338E-1,
4.94E07,3.270E+3,3.315E+3,-7.930E-1,
4.95E07,3.355E+3,3.314E+3,7.091E-1,
4.96E07,3.402E+3,3.313E+3,1.534E+0,
4.97E07,3.369E+3,3.311E+3,9.973E-1,
4.98E07,3.323E+3,3.310E+3,2.303E-1,
4.99E07,3.312E+3,3.308E+3,6.342E-2,
5E07,3.287E+3,3.307E+3,-3.486E-1,
5.01E07,3.312E+3,3.306E+3,1.107E-1,
5.02E07,3.473E+3,3.304E+3,2.863E+0,
5.03E07,3.277E+3,3.303E+3,-4.534E-1,
5.04E07,3.303E+3,3.302E+3,2.379E-2,
5.05E07,3.402E+3,3.300E+3,1.743E+0,
5.06E07,3.277E+3,3.299E+3,-3.847E-1,
5.07E07,3.324E+3,3.298E+3,4.556E-1,
5.08E07,3.327E+3,3.296E+3,5.296E-1,
5.09E07,3.289E+3,3.295E+3,-1.078E-1,
5.1E07,3.272E+3,3.294E+3,-3.833E-1,
5.11E07,3.355E+3,3.293E+3,1.076E+0,
5.12E07,3.290E+3,3.291E+3,-2.506E-2,
5.13E07,3.377E+3,3.290E+3,1.494E+0,
5.14E07,3.326E+3,3.289E+3,6.417E-1,
5.15E07,3.287E+3,3.288E+3,-1.364E-2,
5.16E07,3.352E+3,3.287E+3,1.130E+0,
5.17E07,3.367E+3,3.285E+3,1.406E+0,
5.18E07,3.304E+3,3.284E+3,3.442E-1,
5.19E07,3.271E+3,3.283E+3,-2.106E-1,
5.2E07,3.270E+3,3.282E+3,-2.078E-1,
5.21E07,3.221E+3,3.281E+3,-1.053E+0,
5.22E07,3.285E+3,3.280E+3,9.434E-2,
5.23E07,3.226E+3,3.278E+3,-9.236E-1,
5.24E07,3.250E+3,3.277E+3,-4.795E-1,
5.25E07,3.254E+3,3.276E+3,-3.896E-1,
5.26E07,3.232E+3,3.275E+3,-7.585E-1,
5.27E07,3.302E+3,3.274E+3,4.869E-1,
5.28E07,3.323E+3,3.273E+3,8.685E-1,
5.29E07,3.217E+3,3.272E+3,-9.672E-1,
5.3E07,3.265E+3,3.271E+3,-1.013E-1,
5.31E07,3.263E+3,3.270E+3,-1.178E-1,
5.32E07,3.250E+3,3.269E+3,-3.276E-1,
5.33E07,3.227E+3,3.268E+3,-7.153E-1,
5.34E07,3.274E+3,3.267E+3,1.294E-1,
5.35E07,3.292E+3,3.266E+3,4.607E-1,
5.36E07,3.258E+3,3.265E+3,-1.148E-1,
5.37E07,3.256E+3,3.264E+3,-1.321E-1,
5.38E07,3.262E+3,3.263E+3,-9.421E-3,
5.39E07,3.221E+3,3.262E+3,-7.144E-1,
5.4E07,3.361E+3,3.261E+3,1.733E+0,
5.41E07,3.274E+3,3.260E+3,2.520E-1,
5.42E07,3.347E+3,3.259E+3,1.528E+0,
5.43E07,3.230E+3,3.258E+3,-4.865E-1,
5.44E07,3.143E+3,3.257E+3,-2.028E+0,
5.45E07,3.232E+3,3.256E+3,-4.177E-1,
5.46E07,3.249E+3,3.255E+3,-1.019E-1,
5.47E07,3.266E+3,3.254E+3,2.121E-1,
5.48E07,3.261E+3,3.253E+3,1.409E-1,
5.49E07,3.195E+3,3.252E+3,-1.009E+0,
5.5E07,3.268E+3,3.251E+3,2.951E-1,
5.51E07,3.163E+3,3.250E+3,-1.551E+0,
5.52E07,3.218E+3,3.249E+3,-5.523E-1,
5.53E07,3.254E+3,3.248E+3,9.736E-2,
5.54E07,3.179E+3,3.248E+3,-1.216E+0,
5.55E07,3.198E+3,3.247E+3,-8.611E-1,
5.56E07,3.271E+3,3.246E+3,4.401E-1,
5.57E07,3.235E+3,3.245E+3,-1.753E-1,
5.58E07,3.326E+3,3.244E+3,1.420E+0,
5.59E07,3.259E+3,3.243E+3,2.755E-1,
5.6E07,3.193E+3,3.242E+3,-8.749E-1,
5.61E07,3.330E+3,3.242E+3,1.532E+0,
5.62E07,3.239E+3,3.241E+3,-3.130E-2,
5.63E07,3.268E+3,3.240E+3,4.904E-1,
5.64E07,3.178E+3,3.239E+3,-1.085E+0,
5.65E07,3.226E+3,3.238E+3,-2.174E-1,
5.66E07,3.271E+3,3.238E+3,5.849E-1,
5.67E07,3.213E+3,3.237E+3,-4.192E-1,
5.68E07,3.198E+3,3.236E+3,-6.715E-1,
5.69E07,3.230E+3,3.235E+3,-9.143E-2,
5.7E07,3.260E+3,3.234E+3,4.479E-1,
5.71E07,3.243E+3,3.234E+3,1.640E-1,
5.72E07,3.222E+3,3.233E+3,-1.920E-1,
5.73E07,3.197E+3,3.232E+3,-6.216E-1,
5.74E07,3.267E+3,3.231E+3,6.229E-1,
5.75E07,3.261E+3,3.231E+3,5.314E-1,
5.76E07,3.226E+3,3.230E+3,-6.902E-2,
5.77E07,3.072E+3,3.229E+3,-2.836E+0,
5.78E07,3.289E+3,3.228E+3,1.055E+0,
5.79E07,3.287E+3,3.228E+3,1.033E+0,
5.8E07,3.281E+3,3.227E+3,9.421E-1,
5.81E07,3.185E+3,3.226E+3,-7.324E-1,
5.82E07,3.283E+3,3.226E+3,1.001E+0,
5.83E07,3.224E+3,3.225E+3,-1.651E-2,
5.84E07,3.129E+3,3.224E+3,-1.703E+0,
5.85E07,3.186E+3,3.224E+3,-6.655E-1,
5.86E07,3.243E+3,3.223E+3,3.532E-1,
5.87E07,3.131E+3,3.222E+3,-1.630E+0,
5.88E07,3.299E+3,3.222E+3,1.348E+0,
5.89E07,3.197E+3,3.221E+3,-4.224E-1,
5.9E07,3.205E+3,3.220E+3,-2.690E-1,
5.91E07,3.345E+3,3.220E+3,2.169E+0,
5.92E07,3.168E+3,3.219E+3,-9.049E-1,
5.93E07,3.232E+3,3.218E+3,2.411E-1,
5.94E07,3.172E+3,3.218E+3,-8.107E-1,
5.95E07,3.240E+3,3.217E+3,4.036E-1,
5.96E07,3.179E+3,3.216E+3,-6.634E-1,
5.97E07,3.204E+3,3.216E+3,-2.082E-1,
5.98E07,3.230E+3,3.215E+3,2.610E-1,
5.99E07,3.226E+3,3.215E+3,2.014E-1,
6E07,3.305E+3,3.214E+3,1.584E+0,
6.01E07,3.229E+3,3.213E+3,2.753E-1,
6.02E07,3.082E+3,3.213E+3,-2.355E+0,
6.03E07,3.189E+3,3.212E+3,-4.103E-1,
6.04E07,3.167E+3,3.212E+3,-7.922E-1,
6.05E07,3.194E+3,3.211E+3,-3.009E-1,
6.06E07,3.131E+3,3.210E+3,-1.419E+0,
6.07E07,3.277E+3,3.210E+3,1.173E+0,
6.08E07,3.184E+3,3.209E+3,-4.482E-1,
6.09E07,3.117E+3,3.209E+3,-1.643E+0,
6.1E07,3.129E+3,3.208E+3,-1.415E+0,
6.11E07,3.163E+3,3.208E+3,-7.933E-1,
6.12E07,3.208E+3,3.207E+3,1.646E-2,
6.13E07,3.358E+3,3.207E+3,2.614E+0,
6.14E07,3.162E+3,3.206E+3,-7.822E-1,
6.15E07,3.328E+3,3.205E+3,2.124E+0,
6.16E07,3.137E+3,3.205E+3,-1.213E+0,
6.17E07,3.255E+3,3.204E+3,8.871E-1,
6.18E07,3.160E+3,3.204E+3,-7.804E-1,
6.19E07,3.352E+3,3.203E+3,2.568E+0,
6.2E07,3.218E+3,3.203E+3,2.673E-1,
6.21E07,3.225E+3,3.202E+3,3.993E-1,
6.22E07,3.277E+3,3.202E+3,1.313E+0,
6.23E07,3.167E+3,3.201E+3,-6.098E-1,
6.24E07,3.239E+3,3.201E+3,6.708E-1,
6.25E07,3.228E+3,3.200E+3,4.870E-1,
6.26E07,3.174E+3,3.200E+3,-4.586E-1,
6.27E07,3.303E+3,3.199E+3,1.803E+0,
6.28E07,3.220E+3,3.199E+3,3.723E-1,
6.29E07,3.186E+3,3.198E+3,-2.196E-1,
6.3E07,3.157E+3,3.198E+3,-7.283E-1,
6.31E07,3.158E+3,3.197E+3,-7.020E-1,
6.32E07,3.207E+3,3.197E+3,1.768E-1,
6.33E07,3.160E+3,3.197E+3,-6.497E-1,
6.34E07,3.231E+3,3.196E+3,6.146E-1,
6.35E07,3.107E+3,3.196E+3,-1.590E+0,
6.36E07,3.223E+3,3.195E+3,4.904E-1,
6.37E07,3.163E+3,3.195E+3,-5.638E-1,
6.38E07,3.238E+3,3.194E+3,7.686E-1,
6.39E07,3.219E+3,3.194E+3,4.437E-1,
64000005.000000,3.161E+3,3.193E+3,-5.761E-1,
64100005.000000,3.221E+3,3.193E+3,4.941E-1,
64200005.000000,3.136E+3,3.193E+3,-1.009E+0,
64300005.000000,3.380E+3,3.192E+3,3.232E+0,
64400005.000000,3.185E+3,3.192E+3,-1.183E-1,
64500005.000000,3.248E+3,3.191E+3,9.956E-1,
64600005.000000,3.239E+3,3.191E+3,8.462E-1,
64700005.000000,3.231E+3,3.190E+3,7.137E-1,
64800005.000000,3.135E+3,3.190E+3,-9.827E-1,
64900005.000000,3.184E+3,3.190E+3,-9.952E-2,
65000005.000000,3.204E+3,3.189E+3,2.612E-1,
65100005.000000,3.131E+3,3.189E+3,-1.033E+0,
65200005.000000,3.103E+3,3.188E+3,-1.533E+0,
65300005.000000,3.279E+3,3.188E+3,1.589E+0,
65400005.000000,3.174E+3,3.188E+3,-2.420E-1,
65500005.000000,3.296E+3,3.187E+3,1.894E+0,
65600005.000000,3.033E+3,3.187E+3,-2.794E+0,
65700005.000000,3.150E+3,3.186E+3,-6.501E-1,
65800005.000000,3.165E+3,3.186E+3,-3.752E-1,
65900005.000000,3.216E+3,3.186E+3,5.337E-1,
66000005.000000,3.170E+3,3.185E+3,-2.729E-1,
66100005.000000,3.226E+3,3.185E+3,7.219E-1,
66200005.000000,3.239E+3,3.185E+3,9.553E-1,
66300005.000000,3.158E+3,3.184E+3,-4.674E-1,
66400005.000000,3.257E+3,3.184E+3,1.281E+0,
66500005.000000,3.165E+3,3.184E+3,-3.298E-1,
66600005.000000,3.281E+3,3.183E+3,1.707E+0,
66700005.000000,3.290E+3,3.183E+3,1.868E+0,
66800005.000000,3.293E+3,3.183E+3,1.926E+0,
66900005.000000,3.194E+3,3.182E+3,2.096E-1,
67000005.000000,3.193E+3,3.182E+3,1.980E-1,
67100005.000000,3.131E+3,3.181E+3,-9.021E-1,
67200005.000000,3.229E+3,3.181E+3,8.423E-1,
67300005.000000,3.107E+3,3.181E+3,-1.324E+0,
67400005.000000,3.304E+3,3.180E+3,2.149E+0,
67500005.000000,3.124E+3,3.180E+3,-1.005E+0,
67600005.000000,3.129E+3,3.180E+3,-9.085E-1,
67700005.000000,3.075E+3,3.179E+3,-1.884E+0,
67800005.000000,3.119E+3,3.179E+3,-1.077E+0,
67900005.000000,3.094E+3,3.179E+3,-1.526E+0,
68000005.000000,3.126E+3,3.179E+3,-9.398E-1,
68100005.000000,3.197E+3,3.178E+3,3.320E-1,
68200005.000000,3.137E+3,3.178E+3,-7.306E-1,
68300005.000000,3.283E+3,3.178E+3,1.839E+0,
68400005.000000,3.126E+3,3.177E+3,-9.177E-1,
68500005.000000,3.167E+3,3.177E+3,-1.778E-1,
68600005.000000,3.075E+3,3.177E+3,-1.834E+0,
68700005.000000,3.139E+3,3.176E+3,-6.676E-1,
68800005.000000,3.164E+3,3.176E+3,-2.153E-1,
68900005.000000,3.168E+3,3.176E+3,-1.389E-1,
69000005.000000,3.185E+3,3.176E+3,1.679E-1,
69100005.000000,3.127E+3,3.175E+3,-8.626E-1,
69200005.000000,3.114E+3,3.175E+3,-1.092E+0,
69300005.000000,3.209E+3,3.175E+3,6.060E-1,
69400005.000000,3.223E+3,3.174E+3,8.563E-1,
69500005.000000,3.188E+3,3.174E+3,2.460E-1,
69600005.000000,3.184E+3,3.174E+3,1.802E-1,
69700005.000000,3.137E+3,3.174E+3,-6.527E-1,
69800005.000000,3.149E+3,3.173E+3,-4.328E-1,
69900005.000000,3.093E+3,3.173E+3,-1.439E+0,
70000005.000000,3.185E+3,3.173E+3,2.171E-1,
70100005.000000,3.265E+3,3.172E+3,1.619E+0,
70200005.000000,3.147E+3,3.172E+3,-4.495E-1,
70300005.000000,3.118E+3,3.172E+3,-9.663E-1,
70400006.000000,3.136E+3,3.172E+3,-6.374E-1,
70500006.000000,3.179E+3,3.171E+3,1.341E-1,
70600006.000000,3.225E+3,3.171E+3,9.476E-1,
70700006.000000,3.127E+3,3.171E+3,-7.856E-1,
70800006.000000,3.109E+3,3.171E+3,-1.106E+0,
70900006.000000,3.311E+3,3.170E+3,2.443E+0,
71000006.000000,3.279E+3,3.170E+3,1.900E+0,
71100006.000000,3.188E+3,3.170E+3,3.199E-1,
71200006.000000,3.185E+3,3.170E+3,2.712E-1,
71300006.000000,3.261E+3,3.169E+3,1.603E+0,
71400006.000000,3.138E+3,3.169E+3,-5.573E-1,
71500006.000000,3.234E+3,3.169E+3,1.143E+0,
71600006.000000,3.126E+3,3.169E+3,-7.645E-1,
71700006.000000,3.313E+3,3.169E+3,2.510E+0,
71800006.000000,3.164E+3,3.168E+3,-7.609E-2,
71900006.000000,3.136E+3,3.168E+3,-5.723E-1,
72000006.000000,3.121E+3,3.168E+3,-8.381E-1,
72100006.000000,3.219E+3,3.168E+3,9.060E-1,
72200006.000000,3.196E+3,3.167E+3,5.064E-1,
72300006.000000,3.199E+3,3.167E+3,5.631E-1,
72400006.000000,3.127E+3,3.167E+3,-7.141E-1,
72500006.000000,3.055E+3,3.167E+3,-2.021E+0,
72600006.000000,3.167E+3,3.166E+3,8.972E-3,
72700006.000000,3.168E+3,3.166E+3,3.056E-2,
72800006.000000,3.172E+3,3.166E+3,1.053E-1,
72900006.000000,3.202E+3,3.166E+3,6.388E-1,
73000006.000000,3.116E+3,3.166E+3,-8.894E-1,
73100006.000000,3.081E+3,3.165E+3,-1.521E+0,
73200006.000000,3.143E+3,3.165E+3,-3.965E-1,
73300006.000000,3.140E+3,3.165E+3,-4.466E-1,
73400006.000000,3.156E+3,3.165E+3,-1.570E-1,
73500006.000000,3.199E+3,3.165E+3,6.078E-1,
73600006.000000,3.276E+3,3.164E+3,1.949E+0,
73700006.000000,3.113E+3,3.164E+3,-9.181E-1,
73800006.000000,3.149E+3,3.164E+3,-2.678E-1,
73900006.000000,3.145E+3,3.164E+3,-3.358E-1,
74000006.000000,3.083E+3,3.164E+3,-1.452E+0,
74100006.000000,3.161E+3,3.163E+3,-4.351E-2,
74200006.000000,3.079E+3,3.163E+3,-1.518E+0,
74300006.000000,3.109E+3,3.163E+3,-9.697E-1,
74400006.000000,3.248E+3,3.163E+3,1.494E+0,
74500006.000000,3.150E+3,3.163E+3,-2.262E-1,
74600006.000000,3.219E+3,3.163E+3,9.957E-1,
74700006.000000,3.213E+3,3.162E+3,8.940E-1,
74800006.000000,3.115E+3,3.162E+3,-8.447E-1,
74900006.000000,3.253E+3,3.162E+3,1.596E+0,
75000006.000000,3.252E+3,3.162E+3,1.582E+0,
75100006.000000,3.140E+3,3.162E+3,-3.857E-1,
75200006.000000,3.174E+3,3.161E+3,2.230E-1,
75300006.000000,3.224E+3,3.161E+3,1.105E+0,
75400006.000000,3.161E+3,3.161E+3,-1.589E-3,
75500006.000000,3.197E+3,3.161E+3,6.381E-1,
75600006.000000,3.183E+3,3.161E+3,3.944E-1,
75700006.000000,3.153E+3,3.161E+3,-1.350E-1,
75800006.000000,3.198E+3,3.160E+3,6.647E-1,
75900006.000000,3.147E+3,3.160E+3,-2.361E-1,
76000006.000000,3.120E+3,3.160E+3,-7.176E-1,
76100006.000000,3.183E+3,3.160E+3,4.091E-1,
76200006.000000,3.230E+3,3.160E+3,1.236E+0,
76300006.000000,3.210E+3,3.160E+3,8.896E-1,
76400006.000000,3.135E+3,3.159E+3,-4.365E-1,
76500006.000000,3.242E+3,3.159E+3,1.453E+0,
76600006.000000,3.123E+3,3.159E+3,-6.464E-1,
76700006.000000,3.146E+3,3.159E+3,-2.312E-1,
76800006.000000,3.136E+3,3.159E+3,-4.074E-1,
76900006.000000,3.209E+3,3.159E+3,8.886E-1,
77000006.000000,3.050E+3,3.159E+3,-1.965E+0,
77100006.000000,3.179E+3,3.158E+3,3.661E-1,
77200006.000000,3.169E+3,3.158E+3,1.916E-1,
77300006.000000,3.160E+3,3.158E+3,3.444E-2,
77400006.000000,3.119E+3,3.158E+3,-6.968E-1,
77500006.000000,3.179E+3,3.158E+3,3.765E-1,
77600006.000000,3.184E+3,3.158E+3,4.674E-1,
77700006.000000,3.128E+3,3.157E+3,-5.272E-1,
77800006.000000,3.147E+3,3.157E+3,-1.844E-1,
77900006.000000,3.205E+3,3.157E+3,8.443E-1,
78000006.000000,3.122E+3,3.157E+3,-6.275E-1,
78100006.000000,3.216E+3,3.157E+3,1.042E+0,
78200006.000000,3.136E+3,3.157E+3,-3.712E-1,
78300006.000000,3.131E+3,3.157E+3,-4.584E-1,
78400006.000000,3.127E+3,3.157E+3,-5.278E-1,
78500006.000000,3.123E+3,3.156E+3,-5.973E-1,
78600006.000000,3.171E+3,3.156E+3,2.620E-1,
78700006.000000,3.135E+3,3.156E+3,-3.771E-1,
78800006.000000,3.117E+3,3.156E+3,-6.983E-1,
78900006.000000,3.129E+3,3.156E+3,-4.801E-1,
79000006.000000,3.106E+3,3.156E+3,-8.922E-1,
79100006.000000,3.260E+3,3.156E+3,1.829E+0,
79200006.000000,3.157E+3,3.155E+3,2.720E-2,
79300006.000000,3.168E+3,3.155E+3,2.248E-1,
79400006.000000,3.099E+3,3.155E+3,-1.010E+0,
79500006.000000,3.115E+3,3.155E+3,-7.184E-1,
79600006.000000,3.188E+3,3.155E+3,5.849E-1,
79700006.000000,3.083E+3,3.155E+3,-1.294E+0,
79800006.000000,3.140E+3,3.155E+3,-2.629E-1,
79900006.000000,3.224E+3,3.155E+3,1.222E+0,
80000006.000000,3.190E+3,3.154E+3,6.286E-1,
80100006.000000,3.122E+3,3.154E+3,-5.795E-1,
80200006.000000,3.111E+3,3.154E+3,-7.756E-1,
80300006.000000,3.036E+3,3.154E+3,-2.144E+0,
80400006.000000,3.084E+3,3.154E+3,-1.261E+0,
80500006.000000,3.105E+3,3.154E+3,-8.778E-1,
80600006.000000,3.219E+3,3.154E+3,1.149E+0,
80700006.000000,3.181E+3,3.154E+3,4.842E-1,
80800006.000000,3.208E+3,3.154E+3,9.608E-1,
80900006.000000,3.146E+3,3.153E+3,-1.332E-1,
81000006.000000,3.229E+3,3.153E+3,1.331E+0,
81100006.000000,3.197E+3,3.153E+3,7.737E-1,
81200006.000000,3.109E+3,3.153E+3,-7.917E-1,
81300006.000000,3.212E+3,3.153E+3,1.040E+0,
81400006.000000,3.226E+3,3.153E+3,1.286E+0,
81500006.000000,3.072E+3,3.153E+3,-1.458E+0,
81600006.000000,3.085E+3,3.153E+3,-1.219E+0,
81700006.000000,3.155E+3,3.153E+3,4.240E-2,
81800006.000000,3.160E+3,3.153E+3,1.331E-1,
81900006.000000,2.958E+3,3.152E+3,-3.575E+0,
82000006.000000,3.131E+3,3.152E+3,-3.809E-1,
82100006.000000,3.145E+3,3.152E+3,-1.286E-1,
82200006.000000,3.136E+3,3.152E+3,-2.878E-1,
82300006.000000,3.002E+3,3.152E+3,-2.738E+0,
82400006.000000,3.185E+3,3.152E+3,5.862E-1,
82500006.000000,3.156E+3,3.152E+3,7.438E-2,
82600006.000000,3.161E+3,3.152E+3,1.650E-1,
82700006.000000,3.102E+3,3.152E+3,-8.911E-1,
82800006.000000,3.056E+3,3.152E+3,-1.728E+0,
82900006.000000,3.281E+3,3.151E+3,2.262E+0,
83000006.000000,3.297E+3,3.151E+3,2.537E+0,
83100006.000000,3.119E+3,3.151E+3,-5.776E-1,
83200007.000000,3.216E+3,3.151E+3,1.143E+0,
83300007.000000,3.110E+3,3.151E+3,-7.365E-1,
83400007.000000,3.196E+3,3.151E+3,7.963E-1,
83500007.000000,3.073E+3,3.151E+3,-1.405E+0,
83600007.000000,3.062E+3,3.151E+3,-1.605E+0,
83700007.000000,3.140E+3,3.151E+3,-1.913E-1,
83800007.000000,3.159E+3,3.151E+3,1.489E-1,
83900007.000000,3.123E+3,3.151E+3,-4.929E-1,
84000007.000000,3.146E+3,3.150E+3,-7.952E-2,
84100007.000000,3.132E+3,3.150E+3,-3.283E-1,
84200007.000000,3.060E+3,3.150E+3,-1.632E+0,
84300007.000000,3.120E+3,3.150E+3,-5.408E-1,
84400007.000000,3.120E+3,3.150E+3,-5.393E-1,
84500007.000000,3.027E+3,3.150E+3,-2.236E+0,
84600007.000000,3.140E+3,3.150E+3,-1.778E-1,
84700007.000000,3.137E+3,3.150E+3,-2.300E-1,
84800007.000000,3.118E+3,3.150E+3,-5.695E-1,
84900007.000000,3.120E+3,3.150E+3,-5.321E-1,
85000007.000000,3.110E+3,3.150E+3,-7.108E-1,
85100007.000000,3.229E+3,3.150E+3,1.398E+0,
85200007.000000,3.164E+3,3.149E+3,2.581E-1,
85300007.000000,3.128E+3,3.149E+3,-3.828E-1,
85400007.000000,3.282E+3,3.149E+3,2.316E+0,
85500007.000000,3.176E+3,3.149E+3,4.746E-1,
85600007.000000,3.141E+3,3.149E+3,-1.460E-1,
85700007.000000,3.114E+3,3.149E+3,-6.291E-1,
85800007.000000,3.286E+3,3.149E+3,2.389E+0,
85900007.000000,3.233E+3,3.149E+3,1.478E+0,
86000007.000000,3.216E+3,3.149E+3,1.183E+0,
86100007.000000,3.144E+3,3.149E+3,-8.584E-2,
86200007.000000,3.091E+3,3.149E+3,-1.039E+0,
86300007.000000,3.180E+3,3.149E+3,5.556E-1,
86400007.000000,3.213E+3,3.149E+3,1.136E+0,
86500007.000000,3.026E+3,3.149E+3,-2.227E+0,
86600007.000000,3.075E+3,3.148E+3,-1.325E+0,
86700007.000000,3.103E+3,3.148E+3,-8.149E-1,
86800007.000000,3.123E+3,3.148E+3,-4.531E-1,
86900007.000000,3.057E+3,3.148E+3,-1.650E+0,
87000007.000000,3.123E+3,3.148E+3,-4.507E-1,
87100007.000000,3.204E+3,3.148E+3,9.872E-1,
87200007.000000,3.162E+3,3.148E+3,2.480E-1,
87300007.000000,3.177E+3,3.148E+3,5.147E-1,
87400007.000000,3.162E+3,3.148E+3,2.503E-1,
87500007.000000,3.218E+3,3.148E+3,1.236E+0,
87600007.000000,3.155E+3,3.148E+3,1.282E-1,
87700007.000000,3.101E+3,3.148E+3,-8.392E-1,
87800007.000000,3.171E+3,3.148E+3,4.143E-1,
87900007.000000,3.127E+3,3.148E+3,-3.685E-1,
88000007.000000,3.233E+3,3.148E+3,1.503E+0,
88100007.000000,3.117E+3,3.147E+3,-5.460E-1,
88200007.000000,3.242E+3,3.147E+3,1.661E+0,
88300007.000000,3.091E+3,3.147E+3,-1.014E+0,
88400007.000000,3.201E+3,3.147E+3,9.491E-1,
88500007.000000,3.123E+3,3.147E+3,-4.338E-1,
88600007.000000,3.161E+3,3.147E+3,2.457E-1,
88700007.000000,3.131E+3,3.147E+3,-2.882E-1,
88800007.000000,3.127E+3,3.147E+3,-3.589E-1,
88900007.000000,3.181E+3,3.147E+3,6.026E-1,
89000007.000000,3.102E+3,3.147E+3,-8.072E-1,
89100007.000000,3.165E+3,3.147E+3,3.218E-1,
89200007.000000,3.146E+3,3.147E+3,-1.503E-2,
89300007.000000,3.225E+3,3.147E+3,1.377E+0,
89400007.000000,3.118E+3,3.147E+3,-5.145E-1,
89500007.000000,3.109E+3,3.147E+3,-6.757E-1,
89600007.000000,3.100E+3,3.147E+3,-8.374E-1,
89700007.000000,3.168E+3,3.147E+3,3.808E-1,
89800007.000000,3.171E+3,3.147E+3,4.348E-1,
89900007.000000,3.161E+3,3.146E+3,2.586E-1,
90000007.000000,3.138E+3,3.146E+3,-1.501E-1,
90100007.000000,3.145E+3,3.146E+3,-2.421E-2,
90200007.000000,3.160E+3,3.146E+3,2.436E-1,
90300007.000000,3.052E+3,3.146E+3,-1.706E+0,
90400007.000000,3.129E+3,3.146E+3,-3.076E-1,
90500007.000000,3.056E+3,3.146E+3,-1.631E+0,
90600007.000000,3.179E+3,3.146E+3,5.835E-1,
90700007.000000,3.211E+3,3.146E+3,1.146E+0,
90800007.000000,3.070E+3,3.146E+3,-1.372E+0,
90900007.000000,3.051E+3,3.146E+3,-1.719E+0,
91000007.000000,3.099E+3,3.146E+3,-8.426E-1,
91100007.000000,3.232E+3,3.146E+3,1.515E+0,
91200007.000000,3.207E+3,3.146E+3,1.080E+0,
91300007.000000,3.156E+3,3.146E+3,1.822E-1,
91400007.000000,3.202E+3,3.146E+3,9.946E-1,
91500007.000000,3.085E+3,3.146E+3,-1.092E+0,
91600007.000000,3.076E+3,3.146E+3,-1.255E+0,
91700007.000000,3.038E+3,3.146E+3,-1.952E+0,
91800007.000000,3.191E+3,3.146E+3,8.049E-1,
91900007.000000,3.151E+3,3.145E+3,9.818E-2,
92000007.000000,3.151E+3,3.145E+3,9.898E-2,
92100007.000000,3.104E+3,3.145E+3,-7.431E-1,
92200007.000000,3.172E+3,3.145E+3,4.731E-1,
92300007.000000,3.239E+3,3.145E+3,1.646E+0,
92400007.000000,3.039E+3,3.145E+3,-1.928E+0,
92500007.000000,3.191E+3,3.145E+3,8.103E-1,
92600007.000000,3.057E+3,3.145E+3,-1.595E+0,
92700007.000000,3.088E+3,3.145E+3,-1.028E+0,
92800007.000000,3.121E+3,3.145E+3,-4.314E-1,
92900007.000000,3.206E+3,3.145E+3,1.076E+0,
93000007.000000,3.101E+3,3.145E+3,-7.904E-1,
93100007.000000,3.070E+3,3.145E+3,-1.353E+0,
93200007.000000,3.176E+3,3.145E+3,5.512E-1,
93300007.000000,3.219E+3,3.145E+3,1.306E+0,
93400007.000000,3.120E+3,3.145E+3,-4.450E-1,
93500007.000000,3.132E+3,3.145E+3,-2.290E-1,
93600007.000000,3.189E+3,3.145E+3,7.831E-1,
93700007.000000,3.221E+3,3.145E+3,1.344E+0,
93800007.000000,3.146E+3,3.145E+3,2.320E-2,
93900007.000000,3.121E+3,3.145E+3,-4.235E-1,
94000007.000000,3.077E+3,3.145E+3,-1.219E+0,
94100007.000000,3.203E+3,3.145E+3,1.032E+0,
94200007.000000,3.228E+3,3.145E+3,1.469E+0,
94300007.000000,3.146E+3,3.145E+3,2.655E-2,
94400007.000000,3.101E+3,3.144E+3,-7.807E-1,
94500007.000000,3.147E+3,3.144E+3,4.567E-2,
94600007.000000,3.081E+3,3.144E+3,-1.142E+0,
94700007.000000,3.152E+3,3.144E+3,1.360E-1,
94800007.000000,3.035E+3,3.144E+3,-1.985E+0,
94900007.000000,3.020E+3,3.144E+3,-2.262E+0,
95000007.000000,3.184E+3,3.144E+3,7.043E-1,
95100007.000000,3.032E+3,3.144E+3,-2.038E+0,
95200007.000000,3.081E+3,3.144E+3,-1.138E+0,
95300007.000000,3.189E+3,3.144E+3,7.941E-1,
95400007.000000,3.111E+3,3.144E+3,-5.939E-1,
95500007.000000,3.192E+3,3.144E+3,8.480E-1,
95600007.000000,3.112E+3,3.144E+3,-5.746E-1,
95700007.000000,3.153E+3,3.144E+3,1.599E-1,
95800007.000000,3.191E+3,3.144E+3,8.322E-1,
95900007.000000,3.090E+3,3.144E+3,-9.707E-1,
96000008.000000,3.106E+3,3.144E+3,-6.805E-1,
96100008.000000,3.115E+3,3.144E+3,-5.177E-1,
96200008.000000,3.067E+3,3.144E+3,-1.388E+0,
96300008.000000,3.196E+3,3.144E+3,9.228E-1,
96400008.000000,3.114E+3,3.144E+3,-5.340E-1,
96500008.000000,3.144E+3,3.144E+3,4.141E-3,
96600008.000000,3.156E+3,3.144E+3,2.183E-1,
96700008.000000,3.151E+3,3.144E+3,1.299E-1,
96800008.000000,3.014E+3,3.144E+3,-2.362E+0,
96900008.000000,3.168E+3,3.144E+3,4.327E-1,
97000008.000000,3.233E+3,3.144E+3,1.572E+0,
97100008.000000,3.177E+3,3.144E+3,5.928E-1,
97200008.000000,3.144E+3,3.144E+3,7.881E-3,
97300008.000000,3.096E+3,3.144E+3,-8.542E-1,
97400008.000000,3.187E+3,3.144E+3,7.705E-1,
97500008.000000,3.211E+3,3.143E+3,1.192E+0,
97600008.000000,3.044E+3,3.143E+3,-1.802E+0,
97700008.000000,3.121E+3,3.143E+3,-4.012E-1,
97800008.000000,3.040E+3,3.143E+3,-1.875E+0,
97900008.000000,3.192E+3,3.143E+3,8.609E-1,
98000008.000000,3.124E+3,3.143E+3,-3.459E-1,
98100008.000000,3.212E+3,3.143E+3,1.212E+0,
98200008.000000,3.152E+3,3.143E+3,1.553E-1,
98300008.000000,3.199E+3,3.143E+3,9.857E-1,
98400008.000000,3.091E+3,3.143E+3,-9.394E-1,
98500008.000000,3.099E+3,3.143E+3,-7.940E-1,
98600008.000000,3.121E+3,3.143E+3,-3.969E-1,
98700008.000000,3.215E+3,3.143E+3,1.267E+0,
98800008.000000,3.086E+3,3.143E+3,-1.028E+0,
98900008.000000,3.151E+3,3.143E+3,1.408E-1,
99000008.000000,3.132E+3,3.143E+3,-1.978E-1,
99100008.000000,3.196E+3,3.143E+3,9.367E-1,
99200008.000000,3.163E+3,3.143E+3,3.553E-1,
99300008.000000,3.182E+3,3.143E+3,6.914E-1,
99400008.000000,3.160E+3,3.143E+3,3.029E-1,
99500008.000000,3.149E+3,3.143E+3,1.079E-1,
99600008.000000,3.112E+3,3.143E+3,-5.543E-1,
99700008.000000,3.161E+3,3.143E+3,3.219E-1,
99800008.000000,3.212E+3,3.143E+3,1.220E+0,
99900008.000000,3.187E+3,3.143E+3,7.820E-1,
