Water (400mA)

Labels,Decay36,Decay36F1,Decay36F1R,
Type,Time Scan,Exponential Fit Time Scan,Weighted Residuals Time Scan,
Comment,,,,
Start,0.00,1.1E06,1.1E06,
Stop,99900008.000000,99900008.000000,99900008.000000,
Step,1E05,1E05,1E05,
Fixed/Offset, , , ,
XAxis,Time,Time,Time,
YAxis,Counts,Counts,Counts,

0.00,3.072E+3, , ,
1E05,4.884E+3, , ,
2E05,5.558E+3, , ,
3E05,6.327E+3, , ,
4E05,6.759E+3, , ,
5E05,7.328E+3, , ,
6E05,7.866E+3, , ,
700000.050000,8.539E+3, , ,
800000.060000,9.077E+3, , ,
900000.070000,9.555E+3, , ,
1E06,1.003E+4, , ,
1.1E06,8.784E+3,8.697E+3,9.240E-1,
1.2E06,8.661E+3,8.651E+3,1.028E-1,
1.3E06,8.775E+3,8.606E+3,1.806E+0,
1.4E06,8.621E+3,8.561E+3,6.502E-1,
1.5E06,8.411E+3,8.516E+3,-1.143E+0,
1.6E06,8.498E+3,8.471E+3,2.896E-1,
1.7E06,8.799E+3,8.427E+3,3.964E+0,
1.8E06,8.422E+3,8.383E+3,4.203E-1,
1.9E06,8.339E+3,8.340E+3,-1.126E-2,
2E06,8.507E+3,8.297E+3,2.277E+0,
2.1E06,8.420E+3,8.254E+3,1.806E+0,
2.2E06,8.302E+3,8.212E+3,9.883E-1,
2.3E06,8.287E+3,8.170E+3,1.286E+0,
2.4E06,8.212E+3,8.128E+3,9.237E-1,
2.5E06,8.315E+3,8.087E+3,2.501E+0,
2.6E06,8.050E+3,8.046E+3,4.447E-2,
2.7E06,8.038E+3,8.005E+3,3.640E-1,
2.8E06,8.023E+3,7.965E+3,6.469E-1,
2.9E06,7.962E+3,7.925E+3,4.137E-1,
3E06,8.136E+3,7.885E+3,2.778E+0,
3.1E06,7.878E+3,7.846E+3,3.594E-1,
3.2E06,7.749E+3,7.807E+3,-6.600E-1,
3.3E06,7.896E+3,7.768E+3,1.436E+0,
3.4E06,7.746E+3,7.730E+3,1.814E-1,
3.5E06,7.931E+3,7.692E+3,2.684E+0,
3.6E06,7.516E+3,7.654E+3,-1.594E+0,
3.7E06,7.533E+3,7.617E+3,-9.654E-1,
3.8E06,7.401E+3,7.580E+3,-2.077E+0,
3.9E06,7.578E+3,7.543E+3,4.040E-1,
4E06,7.536E+3,7.506E+3,3.421E-1,
4.1E06,7.339E+3,7.470E+3,-1.530E+0,
4.2E06,7.453E+3,7.434E+3,2.184E-1,
4.3E06,7.424E+3,7.399E+3,2.959E-1,
4.4E06,7.348E+3,7.363E+3,-1.768E-1,
4.5E06,7.245E+3,7.328E+3,-9.763E-1,
4.6E06,7.223E+3,7.293E+3,-8.275E-1,
4.7E06,7.288E+3,7.259E+3,3.416E-1,
4.8E06,7.033E+3,7.225E+3,-2.285E+0,
4.9E06,7.133E+3,7.191E+3,-6.833E-1,
5E06,7.220E+3,7.157E+3,7.407E-1,
5.1E06,7.164E+3,7.124E+3,4.763E-1,
5.2E06,7.030E+3,7.091E+3,-7.226E-1,
5.3E06,6.908E+3,7.058E+3,-1.802E+0,
5.4E06,6.995E+3,7.025E+3,-3.610E-1,
5.5E06,6.967E+3,6.993E+3,-3.103E-1,
5.6E06,6.921E+3,6.961E+3,-4.792E-1,
5.7E06,6.963E+3,6.929E+3,4.063E-1,
5.8E06,6.771E+3,6.898E+3,-1.538E+0,
5.9E06,7.117E+3,6.866E+3,2.971E+0,
6E06,6.882E+3,6.835E+3,5.625E-1,
6.1E06,6.660E+3,6.805E+3,-1.772E+0,
6.2E06,6.754E+3,6.774E+3,-2.446E-1,
6.3E06,6.779E+3,6.744E+3,4.268E-1,
6400000.500000,6.574E+3,6.714E+3,-1.725E+0,
6500000.500000,6.621E+3,6.684E+3,-7.756E-1,
6600000.500000,6.665E+3,6.655E+3,1.274E-1,
6700000.500000,6.552E+3,6.625E+3,-9.060E-1,
6800000.500000,6.568E+3,6.596E+3,-3.493E-1,
6900000.500000,6.511E+3,6.568E+3,-7.004E-1,
7000000.500000,6.503E+3,6.539E+3,-4.460E-1,
7100000.600000,6.545E+3,6.511E+3,4.247E-1,
7200000.600000,6.537E+3,6.483E+3,6.734E-1,
7300000.600000,6.463E+3,6.455E+3,1.033E-1,
7400000.600000,6.541E+3,6.427E+3,1.409E+0,
7500000.600000,6.286E+3,6.400E+3,-1.434E+0,
7600000.600000,6.368E+3,6.372E+3,-5.604E-2,
7700000.600000,6.244E+3,6.346E+3,-1.285E+0,
7800000.600000,6.284E+3,6.319E+3,-4.386E-1,
7900000.600000,6.255E+3,6.292E+3,-4.710E-1,
8000000.600000,6.293E+3,6.266E+3,3.410E-1,
8100000.600000,6.335E+3,6.240E+3,1.195E+0,
8200000.600000,6.171E+3,6.214E+3,-5.471E-1,
8300000.600000,6.121E+3,6.188E+3,-8.604E-1,
8400000.700000,6.038E+3,6.163E+3,-1.607E+0,
8500000.700000,6.183E+3,6.138E+3,5.772E-1,
8600000.700000,6.140E+3,6.113E+3,3.500E-1,
8700000.700000,6.006E+3,6.088E+3,-1.055E+0,
8800000.700000,6.101E+3,6.063E+3,4.851E-1,
8900000.700000,5.975E+3,6.039E+3,-8.238E-1,
9000000.700000,5.999E+3,6.014E+3,-1.994E-1,
9100000.700000,5.716E+3,5.990E+3,-3.630E+0,
9200000.700000,5.792E+3,5.967E+3,-2.294E+0,
9300000.700000,5.991E+3,5.943E+3,6.210E-1,
9400000.700000,5.967E+3,5.919E+3,6.151E-1,
9500000.700000,5.827E+3,5.896E+3,-9.069E-1,
9600000.800000,5.853E+3,5.873E+3,-2.635E-1,
9700000.800000,5.758E+3,5.850E+3,-1.216E+0,
9800000.800000,5.888E+3,5.828E+3,7.873E-1,
9900000.800000,5.680E+3,5.805E+3,-1.660E+0,
1E07,5.783E+3,5.783E+3,3.108E-3,
1.01E07,5.672E+3,5.761E+3,-1.177E+0,
1.02E07,5.864E+3,5.739E+3,1.637E+0,
1.03E07,5.527E+3,5.717E+3,-2.554E+0,
1.04E07,5.739E+3,5.695E+3,5.770E-1,
1.05E07,5.665E+3,5.674E+3,-1.177E-1,
1.06E07,5.644E+3,5.653E+3,-1.146E-1,
1.07E07,5.455E+3,5.632E+3,-2.390E+0,
1.08E07,5.537E+3,5.611E+3,-9.896E-1,
1.09E07,5.545E+3,5.590E+3,-6.030E-1,
1.1E07,5.586E+3,5.569E+3,2.229E-1,
1.11E07,5.510E+3,5.549E+3,-5.246E-1,
1.12E07,5.519E+3,5.529E+3,-1.308E-1,
1.13E07,5.565E+3,5.509E+3,7.553E-1,
1.14E07,5.404E+3,5.489E+3,-1.153E+0,
1.15E07,5.409E+3,5.469E+3,-8.161E-1,
1.16E07,5.493E+3,5.449E+3,5.877E-1,
1.17E07,5.361E+3,5.430E+3,-9.428E-1,
1.18E07,5.350E+3,5.411E+3,-8.309E-1,
1.19E07,5.444E+3,5.392E+3,7.092E-1,
1.2E07,5.404E+3,5.373E+3,4.253E-1,
1.21E07,5.422E+3,5.354E+3,9.242E-1,
1.22E07,5.308E+3,5.335E+3,-3.749E-1,
1.23E07,5.171E+3,5.317E+3,-2.028E+0,
1.24E07,5.441E+3,5.299E+3,1.932E+0,
1.25E07,5.362E+3,5.280E+3,1.115E+0,
1.26E07,5.263E+3,5.262E+3,9.827E-3,
1.27E07,5.216E+3,5.244E+3,-3.933E-1,
1.28E07,5.111E+3,5.227E+3,-1.618E+0,
1.29E07,5.061E+3,5.209E+3,-2.081E+0,
1.3E07,5.247E+3,5.192E+3,7.645E-1,
1.31E07,5.180E+3,5.174E+3,7.900E-2,
1.32E07,5.147E+3,5.157E+3,-1.415E-1,
1.33E07,5.097E+3,5.140E+3,-6.040E-1,
1.34E07,5.128E+3,5.123E+3,6.650E-2,
1.35E07,5.097E+3,5.106E+3,-1.329E-1,
1.36E07,5.045E+3,5.090E+3,-6.318E-1,
1.37E07,5.205E+3,5.073E+3,1.824E+0,
1.38E07,5.005E+3,5.057E+3,-7.359E-1,
1.39E07,5.033E+3,5.041E+3,-1.107E-1,
1.4E07,4.906E+3,5.025E+3,-1.696E+0,
1.41E07,4.998E+3,5.009E+3,-1.533E-1,
1.42E07,4.982E+3,4.993E+3,-1.562E-1,
1.43E07,4.951E+3,4.977E+3,-3.744E-1,
1.44E07,4.853E+3,4.962E+3,-1.562E+0,
1.45E07,5.023E+3,4.946E+3,1.081E+0,
1.46E07,4.830E+3,4.931E+3,-1.454E+0,
1.47E07,5.012E+3,4.916E+3,1.358E+0,
1.48E07,4.831E+3,4.901E+3,-1.005E+0,
1.49E07,4.868E+3,4.886E+3,-2.565E-1,
1.5E07,4.908E+3,4.871E+3,5.269E-1,
1.51E07,4.895E+3,4.856E+3,5.517E-1,
1.52E07,4.886E+3,4.842E+3,6.318E-1,
1.53E07,4.724E+3,4.827E+3,-1.504E+0,
1.54E07,4.738E+3,4.813E+3,-1.090E+0,
1.55E07,4.941E+3,4.799E+3,2.022E+0,
1.56E07,4.806E+3,4.785E+3,3.065E-1,
1.57E07,4.813E+3,4.771E+3,6.087E-1,
1.58E07,4.684E+3,4.757E+3,-1.065E+0,
1.59E07,4.737E+3,4.743E+3,-8.935E-2,
1.6E07,4.686E+3,4.730E+3,-6.356E-1,
1.61E07,4.749E+3,4.716E+3,4.792E-1,
1.62E07,4.701E+3,4.703E+3,-2.276E-2,
1.63E07,4.727E+3,4.689E+3,5.491E-1,
1.64E07,4.753E+3,4.676E+3,1.116E+0,
1.65E07,4.636E+3,4.663E+3,-3.959E-1,
1.66E07,4.703E+3,4.650E+3,7.732E-1,
1.67E07,4.636E+3,4.637E+3,-1.607E-2,
1.68E07,4.611E+3,4.624E+3,-1.962E-1,
1.69E07,4.543E+3,4.612E+3,-1.019E+0,
1.7E07,4.450E+3,4.599E+3,-2.235E+0,
1.71E07,4.664E+3,4.587E+3,1.133E+0,
1.72E07,4.585E+3,4.574E+3,1.586E-1,
1.73E07,4.476E+3,4.562E+3,-1.285E+0,
1.74E07,4.541E+3,4.550E+3,-1.312E-1,
1.75E07,4.584E+3,4.538E+3,6.827E-1,
1.76E07,4.434E+3,4.526E+3,-1.379E+0,
1.77E07,4.395E+3,4.514E+3,-1.794E+0,
1.78E07,4.438E+3,4.502E+3,-9.635E-1,
1.79E07,4.562E+3,4.491E+3,1.058E+0,
1.8E07,4.447E+3,4.479E+3,-4.790E-1,
1.81E07,4.366E+3,4.467E+3,-1.535E+0,
1.82E07,4.368E+3,4.456E+3,-1.333E+0,
1.83E07,4.389E+3,4.445E+3,-8.419E-1,
1.84E07,4.486E+3,4.434E+3,7.827E-1,
1.85E07,4.345E+3,4.422E+3,-1.175E+0,
1.86E07,4.442E+3,4.411E+3,4.584E-1,
1.87E07,4.363E+3,4.401E+3,-5.680E-1,
1.88E07,4.516E+3,4.390E+3,1.880E+0,
1.89E07,4.398E+3,4.379E+3,2.876E-1,
1.9E07,4.426E+3,4.368E+3,8.679E-1,
1.91E07,4.355E+3,4.358E+3,-4.069E-2,
1.92E07,4.354E+3,4.347E+3,1.031E-1,
1.93E07,4.424E+3,4.337E+3,1.311E+0,
1.94E07,4.318E+3,4.326E+3,-1.289E-1,
1.95E07,4.288E+3,4.316E+3,-4.312E-1,
1.96E07,4.323E+3,4.306E+3,2.572E-1,
1.97E07,4.294E+3,4.296E+3,-3.080E-2,
1.98E07,4.264E+3,4.286E+3,-3.374E-1,
1.99E07,4.364E+3,4.276E+3,1.330E+0,
2E07,4.289E+3,4.266E+3,3.465E-1,
2.01E07,4.132E+3,4.257E+3,-1.938E+0,
2.02E07,4.209E+3,4.247E+3,-5.842E-1,
2.03E07,4.278E+3,4.237E+3,6.220E-1,
2.04E07,4.243E+3,4.228E+3,2.332E-1,
2.05E07,4.224E+3,4.218E+3,8.644E-2,
2.06E07,4.220E+3,4.209E+3,1.689E-1,
2.07E07,4.205E+3,4.200E+3,8.087E-2,
2.08E07,4.049E+3,4.191E+3,-2.225E+0,
2.09E07,4.144E+3,4.181E+3,-5.815E-1,
2.1E07,4.153E+3,4.172E+3,-3.008E-1,
2.11E07,4.161E+3,4.163E+3,-3.735E-2,
2.12E07,4.132E+3,4.155E+3,-3.501E-1,
2.13E07,4.076E+3,4.146E+3,-1.091E+0,
2.14E07,4.102E+3,4.137E+3,-5.453E-1,
2.15E07,4.148E+3,4.128E+3,3.069E-1,
2.16E07,4.075E+3,4.120E+3,-6.990E-1,
2.17E07,4.235E+3,4.111E+3,1.904E+0,
2.18E07,4.139E+3,4.103E+3,5.657E-1,
2.19E07,4.100E+3,4.094E+3,9.057E-2,
2.2E07,4.168E+3,4.086E+3,1.272E+0,
2.21E07,4.146E+3,4.078E+3,1.062E+0,
2.22E07,4.010E+3,4.069E+3,-9.380E-1,
2.23E07,4.222E+3,4.061E+3,2.474E+0,
2.24E07,4.042E+3,4.053E+3,-1.761E-1,
2.25E07,4.135E+3,4.045E+3,1.397E+0,
2.26E07,4.063E+3,4.037E+3,4.038E-1,
2.27E07,3.993E+3,4.029E+3,-5.759E-1,
2.28E07,4.024E+3,4.022E+3,3.808E-2,
2.29E07,4.069E+3,4.014E+3,8.647E-1,
2.3E07,3.977E+3,4.006E+3,-4.624E-1,
2.31E07,4.038E+3,3.999E+3,6.209E-1,
2.32E07,4.076E+3,3.991E+3,1.331E+0,
2.33E07,3.997E+3,3.984E+3,2.135E-1,
2.34E07,3.932E+3,3.976E+3,-7.028E-1,
2.35E07,3.983E+3,3.969E+3,2.266E-1,
2.36E07,3.926E+3,3.961E+3,-5.648E-1,
2.37E07,4.065E+3,3.954E+3,1.739E+0,
2.38E07,3.894E+3,3.947E+3,-8.485E-1,
2.39E07,3.887E+3,3.940E+3,-8.471E-1,
2.4E07,3.915E+3,3.933E+3,-2.836E-1,
2.41E07,3.910E+3,3.926E+3,-2.515E-1,
2.42E07,3.927E+3,3.919E+3,1.314E-1,
2.43E07,3.933E+3,3.912E+3,3.370E-1,
2.44E07,3.890E+3,3.905E+3,-2.408E-1,
2.45E07,3.890E+3,3.898E+3,-1.320E-1,
2.46E07,3.960E+3,3.891E+3,1.089E+0,
2.47E07,3.957E+3,3.885E+3,1.147E+0,
2.48E07,3.846E+3,3.878E+3,-5.191E-1,
2.49E07,3.870E+3,3.872E+3,-2.609E-2,
2.5E07,3.797E+3,3.865E+3,-1.105E+0,
2.51E07,3.849E+3,3.859E+3,-1.554E-1,
2.52E07,3.847E+3,3.852E+3,-8.438E-2,
2.53E07,3.857E+3,3.846E+3,1.791E-1,
2.54E07,3.860E+3,3.840E+3,3.288E-1,
2.55E07,3.902E+3,3.833E+3,1.100E+0,
2.56E07,3.860E+3,3.827E+3,5.294E-1,
2.57E07,3.868E+3,3.821E+3,7.564E-1,
2.58E07,3.757E+3,3.815E+3,-9.439E-1,
2.59E07,3.799E+3,3.809E+3,-1.591E-1,
2.6E07,3.795E+3,3.803E+3,-1.266E-1,
2.61E07,3.772E+3,3.797E+3,-4.046E-1,
2.62E07,3.827E+3,3.791E+3,5.829E-1,
2.63E07,3.737E+3,3.785E+3,-7.866E-1,
2.64E07,3.735E+3,3.779E+3,-7.245E-1,
2.65E07,3.836E+3,3.774E+3,1.009E+0,
2.66E07,3.725E+3,3.768E+3,-7.013E-1,
2.67E07,3.749E+3,3.762E+3,-2.145E-1,
2.68E07,3.755E+3,3.757E+3,-2.467E-2,
2.69E07,3.740E+3,3.751E+3,-1.788E-1,
2.7E07,3.789E+3,3.745E+3,7.082E-1,
2.71E07,3.709E+3,3.740E+3,-5.077E-1,
2.72E07,3.574E+3,3.734E+3,-2.684E+0,
2.73E07,3.815E+3,3.729E+3,1.391E+0,
2.74E07,3.719E+3,3.724E+3,-7.765E-2,
2.75E07,3.768E+3,3.718E+3,8.076E-1,
2.76E07,3.757E+3,3.713E+3,7.152E-1,
2.77E07,3.800E+3,3.708E+3,1.493E+0,
2.78E07,3.671E+3,3.703E+3,-5.243E-1,
2.79E07,3.738E+3,3.698E+3,6.603E-1,
2.8E07,3.782E+3,3.693E+3,1.455E+0,
2.81E07,3.585E+3,3.687E+3,-1.712E+0,
2.82E07,3.745E+3,3.682E+3,1.022E+0,
2.83E07,3.684E+3,3.678E+3,1.071E-1,
2.84E07,3.724E+3,3.673E+3,8.428E-1,
2.85E07,3.731E+3,3.668E+3,1.037E+0,
2.86E07,3.802E+3,3.663E+3,2.257E+0,
2.87E07,3.628E+3,3.658E+3,-4.984E-1,
2.88E07,3.636E+3,3.653E+3,-2.861E-1,
2.89E07,3.669E+3,3.649E+3,3.381E-1,
2.9E07,3.531E+3,3.644E+3,-1.899E+0,
2.91E07,3.565E+3,3.639E+3,-1.242E+0,
2.92E07,3.635E+3,3.635E+3,7.333E-3,
2.93E07,3.629E+3,3.630E+3,-1.626E-2,
2.94E07,3.656E+3,3.625E+3,5.054E-1,
2.95E07,3.684E+3,3.621E+3,1.039E+0,
2.96E07,3.666E+3,3.616E+3,8.181E-1,
2.97E07,3.663E+3,3.612E+3,8.421E-1,
2.98E07,3.642E+3,3.608E+3,5.693E-1,
2.99E07,3.607E+3,3.603E+3,6.188E-2,
3E07,3.582E+3,3.599E+3,-2.834E-1,
3.01E07,3.675E+3,3.595E+3,1.325E+0,
3.02E07,3.709E+3,3.590E+3,1.947E+0,
3.03E07,3.572E+3,3.586E+3,-2.376E-1,
3.04E07,3.550E+3,3.582E+3,-5.374E-1,
3.05E07,3.629E+3,3.578E+3,8.487E-1,
3.06E07,3.616E+3,3.574E+3,7.025E-1,
3.07E07,3.461E+3,3.570E+3,-1.847E+0,
3.08E07,3.488E+3,3.566E+3,-1.314E+0,
3.09E07,3.578E+3,3.562E+3,2.740E-1,
3.1E07,3.557E+3,3.558E+3,-1.055E-2,
3.11E07,3.504E+3,3.554E+3,-8.393E-1,
3.12E07,3.698E+3,3.550E+3,2.438E+0,
3.13E07,3.584E+3,3.546E+3,6.368E-1,
3.14E07,3.606E+3,3.542E+3,1.065E+0,
3.15E07,3.506E+3,3.538E+3,-5.438E-1,
3.16E07,3.585E+3,3.534E+3,8.449E-1,
3.17E07,3.583E+3,3.531E+3,8.746E-1,
3.18E07,3.482E+3,3.527E+3,-7.613E-1,
3.19E07,3.495E+3,3.523E+3,-4.774E-1,
3.2E07,3.436E+3,3.520E+3,-1.425E+0,
3.21E07,3.614E+3,3.516E+3,1.632E+0,
3.22E07,3.504E+3,3.512E+3,-1.403E-1,
3.23E07,3.560E+3,3.509E+3,8.593E-1,
3.24E07,3.521E+3,3.505E+3,2.666E-1,
3.25E07,3.570E+3,3.502E+3,1.144E+0,
3.26E07,3.498E+3,3.498E+3,-2.799E-3,
3.27E07,3.634E+3,3.495E+3,2.311E+0,
3.28E07,3.458E+3,3.491E+3,-5.657E-1,
3.29E07,3.559E+3,3.488E+3,1.192E+0,
3.3E07,3.559E+3,3.484E+3,1.249E+0,
3.31E07,3.560E+3,3.481E+3,1.322E+0,
3.32E07,3.528E+3,3.478E+3,8.451E-1,
3.33E07,3.462E+3,3.475E+3,-2.126E-1,
3.34E07,3.565E+3,3.471E+3,1.570E+0,
3.35E07,3.556E+3,3.468E+3,1.476E+0,
3.36E07,3.446E+3,3.465E+3,-3.199E-1,
3.37E07,3.463E+3,3.462E+3,2.403E-2,
3.38E07,3.411E+3,3.458E+3,-8.120E-1,
3.39E07,3.446E+3,3.455E+3,-1.581E-1,
3.4E07,3.422E+3,3.452E+3,-5.157E-1,
3.41E07,3.560E+3,3.449E+3,1.859E+0,
3.42E07,3.568E+3,3.446E+3,2.042E+0,
3.43E07,3.520E+3,3.443E+3,1.298E+0,
3.44E07,3.526E+3,3.440E+3,1.449E+0,
3.45E07,3.466E+3,3.437E+3,4.929E-1,
3.46E07,3.386E+3,3.434E+3,-8.252E-1,
3.47E07,3.346E+3,3.431E+3,-1.471E+0,
3.48E07,3.424E+3,3.428E+3,-7.118E-2,
3.49E07,3.364E+3,3.425E+3,-1.056E+0,
3.5E07,3.436E+3,3.422E+3,2.319E-1,
3.51E07,3.485E+3,3.420E+3,1.108E+0,
3.52E07,3.480E+3,3.417E+3,1.072E+0,
3.53E07,3.425E+3,3.414E+3,1.889E-1,
3.54E07,3.420E+3,3.411E+3,1.510E-1,
3.55E07,3.364E+3,3.408E+3,-7.658E-1,
3.56E07,3.467E+3,3.406E+3,1.041E+0,
3.57E07,3.434E+3,3.403E+3,5.294E-1,
3.58E07,3.379E+3,3.400E+3,-3.663E-1,
3.59E07,3.440E+3,3.398E+3,7.224E-1,
3.6E07,3.424E+3,3.395E+3,4.958E-1,
3.61E07,3.322E+3,3.392E+3,-1.221E+0,
3.62E07,3.398E+3,3.390E+3,1.412E-1,
3.63E07,3.495E+3,3.387E+3,1.824E+0,
3.64E07,3.380E+3,3.385E+3,-7.972E-2,
3.65E07,3.331E+3,3.382E+3,-8.854E-1,
3.66E07,3.358E+3,3.380E+3,-3.725E-1,
3.67E07,3.504E+3,3.377E+3,2.144E+0,
3.68E07,3.319E+3,3.375E+3,-9.654E-1,
3.69E07,3.278E+3,3.372E+3,-1.645E+0,
3.7E07,3.389E+3,3.370E+3,3.310E-1,
3.71E07,3.376E+3,3.367E+3,1.495E-1,
3.72E07,3.336E+3,3.365E+3,-5.007E-1,
3.73E07,3.363E+3,3.363E+3,7.797E-3,
3.74E07,3.495E+3,3.360E+3,2.280E+0,
3.75E07,3.371E+3,3.358E+3,2.264E-1,
3.76E07,3.369E+3,3.356E+3,2.319E-1,
3.77E07,3.367E+3,3.353E+3,2.371E-1,
3.78E07,3.266E+3,3.351E+3,-1.487E+0,
3.79E07,3.388E+3,3.349E+3,6.751E-1,
3.8E07,3.274E+3,3.346E+3,-1.266E+0,
3.81E07,3.405E+3,3.344E+3,1.041E+0,
3.82E07,3.331E+3,3.342E+3,-1.912E-1,
3.83E07,3.326E+3,3.340E+3,-2.401E-1,
3.84E07,3.347E+3,3.338E+3,1.611E-1,
3.85E07,3.299E+3,3.336E+3,-6.359E-1,
3.86E07,3.375E+3,3.333E+3,7.162E-1,
3.87E07,3.383E+3,3.331E+3,8.893E-1,
3.88E07,3.437E+3,3.329E+3,1.839E+0,
3.89E07,3.390E+3,3.327E+3,1.080E+0,
3.9E07,3.481E+3,3.325E+3,2.644E+0,
3.91E07,3.336E+3,3.323E+3,2.254E-1,
3.92E07,3.277E+3,3.321E+3,-7.677E-1,
3.93E07,3.291E+3,3.319E+3,-4.869E-1,
3.94E07,3.402E+3,3.317E+3,1.458E+0,
3.95E07,3.286E+3,3.315E+3,-5.051E-1,
3.96E07,3.315E+3,3.313E+3,3.495E-2,
3.97E07,3.296E+3,3.311E+3,-2.619E-1,
3.98E07,3.390E+3,3.309E+3,1.389E+0,
3.99E07,3.342E+3,3.307E+3,6.022E-1,
4E07,3.314E+3,3.305E+3,1.514E-1,
4.01E07,3.229E+3,3.303E+3,-1.309E+0,
4.02E07,3.322E+3,3.302E+3,3.552E-1,
4.03E07,3.341E+3,3.300E+3,7.150E-1,
4.04E07,3.207E+3,3.298E+3,-1.604E+0,
4.05E07,3.330E+3,3.296E+3,5.891E-1,
4.06E07,3.322E+3,3.294E+3,4.825E-1,
4.07E07,3.326E+3,3.292E+3,5.827E-1,
4.08E07,3.291E+3,3.291E+3,6.724E-3,
4.09E07,3.315E+3,3.289E+3,4.542E-1,
4.1E07,3.336E+3,3.287E+3,8.467E-1,
4.11E07,3.233E+3,3.285E+3,-9.208E-1,
4.12E07,3.288E+3,3.284E+3,7.616E-2,
4.13E07,3.339E+3,3.282E+3,9.878E-1,
4.14E07,3.276E+3,3.280E+3,-7.386E-2,
4.15E07,3.278E+3,3.279E+3,-9.522E-3,
4.16E07,3.197E+3,3.277E+3,-1.413E+0,
4.17E07,3.320E+3,3.275E+3,7.771E-1,
4.18E07,3.287E+3,3.274E+3,2.340E-1,
4.19E07,3.366E+3,3.272E+3,1.621E+0,
4.2E07,3.418E+3,3.270E+3,2.526E+0,
4.21E07,3.361E+3,3.269E+3,1.591E+0,
4.22E07,3.376E+3,3.267E+3,1.873E+0,
4.23E07,3.301E+3,3.266E+3,6.166E-1,
4.24E07,3.267E+3,3.264E+3,5.226E-2,
4.25E07,3.299E+3,3.262E+3,6.361E-1,
4.26E07,3.362E+3,3.261E+3,1.743E+0,
4.27E07,3.347E+3,3.259E+3,1.514E+0,
4.28E07,3.207E+3,3.258E+3,-8.986E-1,
4.29E07,3.282E+3,3.256E+3,4.470E-1,
4.3E07,3.146E+3,3.255E+3,-1.942E+0,
4.31E07,3.264E+3,3.253E+3,1.850E-1,
4.32E07,3.231E+3,3.252E+3,-3.689E-1,
4.33E07,3.260E+3,3.251E+3,1.661E-1,
4.34E07,3.293E+3,3.249E+3,7.654E-1,
4.35E07,3.262E+3,3.248E+3,2.513E-1,
4.36E07,3.298E+3,3.246E+3,9.014E-1,
4.37E07,3.204E+3,3.245E+3,-7.213E-1,
4.38E07,3.286E+3,3.243E+3,7.425E-1,
4.39E07,3.324E+3,3.242E+3,1.421E+0,
4.4E07,3.188E+3,3.241E+3,-9.331E-1,
4.41E07,3.352E+3,3.239E+3,1.946E+0,
4.42E07,3.307E+3,3.238E+3,1.200E+0,
4.43E07,3.212E+3,3.237E+3,-4.348E-1,
4.44E07,3.196E+3,3.235E+3,-6.955E-1,
4.45E07,3.259E+3,3.234E+3,4.379E-1,
4.46E07,3.281E+3,3.233E+3,8.433E-1,
4.47E07,3.115E+3,3.231E+3,-2.086E+0,
4.48E07,3.251E+3,3.230E+3,3.662E-1,
4.49E07,3.244E+3,3.229E+3,2.660E-1,
4.5E07,3.190E+3,3.228E+3,-6.655E-1,
4.51E07,3.094E+3,3.226E+3,-2.379E+0,
4.52E07,3.297E+3,3.225E+3,1.252E+0,
4.53E07,3.202E+3,3.224E+3,-3.864E-1,
4.54E07,3.155E+3,3.223E+3,-1.204E+0,
4.55E07,3.245E+3,3.221E+3,4.138E-1,
4.56E07,3.254E+3,3.220E+3,5.920E-1,
4.57E07,3.273E+3,3.219E+3,9.432E-1,
4.58E07,3.222E+3,3.218E+3,7.301E-2,
4.59E07,3.203E+3,3.217E+3,-2.418E-1,
4.6E07,3.211E+3,3.216E+3,-7.979E-2,
4.61E07,3.342E+3,3.214E+3,2.208E+0,
4.62E07,3.195E+3,3.213E+3,-3.224E-1,
4.63E07,3.221E+3,3.212E+3,1.570E-1,
4.64E07,3.136E+3,3.211E+3,-1.339E+0,
4.65E07,3.108E+3,3.210E+3,-1.827E+0,
4.66E07,3.238E+3,3.209E+3,5.141E-1,
4.67E07,3.196E+3,3.208E+3,-2.060E-1,
4.68E07,3.144E+3,3.207E+3,-1.116E+0,
4.69E07,3.251E+3,3.205E+3,7.984E-1,
4.7E07,3.168E+3,3.204E+3,-6.468E-1,
4.71E07,3.217E+3,3.203E+3,2.408E-1,
4.72E07,3.146E+3,3.202E+3,-1.004E+0,
4.73E07,3.191E+3,3.201E+3,-1.814E-1,
4.74E07,3.266E+3,3.200E+3,1.151E+0,
4.75E07,3.200E+3,3.199E+3,1.447E-2,
4.76E07,3.271E+3,3.198E+3,1.274E+0,
4.77E07,3.216E+3,3.197E+3,3.324E-1,
4.78E07,3.212E+3,3.196E+3,2.797E-1,
4.79E07,3.225E+3,3.195E+3,5.256E-1,
4.8E07,3.197E+3,3.194E+3,5.010E-2,
4.81E07,3.166E+3,3.193E+3,-4.832E-1,
4.82E07,3.149E+3,3.192E+3,-7.702E-1,
4.83E07,3.276E+3,3.191E+3,1.481E+0,
4.84E07,3.163E+3,3.190E+3,-4.854E-1,
4.85E07,3.229E+3,3.189E+3,6.977E-1,
4.86E07,3.243E+3,3.188E+3,9.585E-1,
4.87E07,3.152E+3,3.187E+3,-6.320E-1,
4.88E07,3.139E+3,3.187E+3,-8.489E-1,
4.89E07,3.224E+3,3.186E+3,6.755E-1,
4.9E07,3.204E+3,3.185E+3,3.404E-1,
4.91E07,3.121E+3,3.184E+3,-1.125E+0,
4.92E07,3.306E+3,3.183E+3,2.140E+0,
4.93E07,3.237E+3,3.182E+3,9.658E-1,
4.94E07,3.176E+3,3.181E+3,-9.180E-2,
4.95E07,3.238E+3,3.180E+3,1.014E+0,
4.96E07,3.216E+3,3.179E+3,6.448E-1,
4.97E07,3.219E+3,3.179E+3,7.125E-1,
4.98E07,3.144E+3,3.178E+3,-6.015E-1,
4.99E07,3.193E+3,3.177E+3,2.852E-1,
5E07,3.100E+3,3.176E+3,-1.366E+0,
5.01E07,3.191E+3,3.175E+3,2.794E-1,
5.02E07,3.235E+3,3.174E+3,1.066E+0,
5.03E07,3.082E+3,3.174E+3,-1.650E+0,
5.04E07,3.234E+3,3.173E+3,1.077E+0,
5.05E07,3.133E+3,3.172E+3,-6.961E-1,
5.06E07,3.116E+3,3.171E+3,-9.882E-1,
5.07E07,3.286E+3,3.170E+3,2.017E+0,
5.08E07,3.094E+3,3.170E+3,-1.359E+0,
5.09E07,3.217E+3,3.169E+3,8.496E-1,
5.1E07,3.073E+3,3.168E+3,-1.714E+0,
5.11E07,3.182E+3,3.167E+3,2.610E-1,
5.12E07,3.154E+3,3.167E+3,-2.229E-1,
5.13E07,3.171E+3,3.166E+3,9.296E-2,
5.14E07,3.182E+3,3.165E+3,3.010E-1,
5.15E07,3.072E+3,3.164E+3,-1.665E+0,
5.16E07,3.187E+3,3.164E+3,4.155E-1,
5.17E07,3.134E+3,3.163E+3,-5.147E-1,
5.18E07,3.215E+3,3.162E+3,9.331E-1,
5.19E07,3.148E+3,3.161E+3,-2.384E-1,
5.2E07,3.112E+3,3.161E+3,-8.724E-1,
5.21E07,3.114E+3,3.160E+3,-8.237E-1,
5.22E07,3.197E+3,3.159E+3,6.674E-1,
5.23E07,3.126E+3,3.159E+3,-5.826E-1,
5.24E07,3.259E+3,3.158E+3,1.771E+0,
5.25E07,3.128E+3,3.157E+3,-5.221E-1,
5.26E07,3.060E+3,3.157E+3,-1.745E+0,
5.27E07,3.161E+3,3.156E+3,9.152E-2,
5.28E07,3.170E+3,3.155E+3,2.631E-1,
5.29E07,3.232E+3,3.155E+3,1.363E+0,
5.3E07,3.158E+3,3.154E+3,7.340E-2,
5.31E07,3.277E+3,3.153E+3,2.162E+0,
5.32E07,3.063E+3,3.153E+3,-1.619E+0,
5.33E07,3.162E+3,3.152E+3,1.788E-1,
5.34E07,3.147E+3,3.151E+3,-7.684E-2,
5.35E07,3.056E+3,3.151E+3,-1.713E+0,
5.36E07,3.152E+3,3.150E+3,3.456E-2,
5.37E07,3.165E+3,3.149E+3,2.766E-1,
5.38E07,3.106E+3,3.149E+3,-7.685E-1,
5.39E07,3.128E+3,3.148E+3,-3.615E-1,
5.4E07,3.248E+3,3.148E+3,1.761E+0,
5.41E07,3.154E+3,3.147E+3,1.243E-1,
5.42E07,3.151E+3,3.146E+3,8.146E-2,
5.43E07,3.110E+3,3.146E+3,-6.426E-1,
5.44E07,3.258E+3,3.145E+3,1.975E+0,
5.45E07,3.127E+3,3.145E+3,-3.161E-1,
5.46E07,3.123E+3,3.144E+3,-3.776E-1,
5.47E07,3.139E+3,3.144E+3,-8.092E-2,
5.48E07,3.112E+3,3.143E+3,-5.552E-1,
5.49E07,3.140E+3,3.142E+3,-4.300E-2,
5.5E07,3.135E+3,3.142E+3,-1.224E-1,
5.51E07,3.125E+3,3.141E+3,-2.916E-1,
5.52E07,3.150E+3,3.141E+3,1.647E-1,
5.53E07,3.180E+3,3.140E+3,7.055E-1,
5.54E07,3.171E+3,3.140E+3,5.562E-1,
5.55E07,3.169E+3,3.139E+3,5.304E-1,
5.56E07,3.108E+3,3.139E+3,-5.492E-1,
5.57E07,3.134E+3,3.138E+3,-7.309E-2,
5.58E07,3.118E+3,3.138E+3,-3.505E-1,
5.59E07,3.064E+3,3.137E+3,-1.320E+0,
5.6E07,3.102E+3,3.137E+3,-6.202E-1,
5.61E07,3.165E+3,3.136E+3,5.148E-1,
5.62E07,3.145E+3,3.136E+3,1.688E-1,
5.63E07,3.097E+3,3.135E+3,-6.834E-1,
5.64E07,3.140E+3,3.135E+3,9.745E-2,
5.65E07,3.174E+3,3.134E+3,7.091E-1,
5.66E07,3.080E+3,3.134E+3,-9.651E-1,
5.67E07,3.124E+3,3.133E+3,-1.624E-1,
5.68E07,3.106E+3,3.133E+3,-4.773E-1,
5.69E07,3.233E+3,3.132E+3,1.774E+0,
5.7E07,3.162E+3,3.132E+3,5.397E-1,
5.71E07,3.055E+3,3.131E+3,-1.378E+0,
5.72E07,3.219E+3,3.131E+3,1.556E+0,
5.73E07,3.175E+3,3.130E+3,7.940E-1,
5.74E07,3.269E+3,3.130E+3,2.435E+0,
5.75E07,3.206E+3,3.129E+3,1.354E+0,
5.76E07,3.186E+3,3.129E+3,1.012E+0,
5.77E07,3.170E+3,3.128E+3,7.378E-1,
5.78E07,3.125E+3,3.128E+3,-5.400E-2,
5.79E07,3.130E+3,3.128E+3,4.324E-2,
5.8E07,3.023E+3,3.127E+3,-1.894E+0,
5.81E07,3.150E+3,3.127E+3,4.149E-1,
5.82E07,3.128E+3,3.126E+3,3.059E-2,
5.83E07,3.002E+3,3.126E+3,-2.261E+0,
5.84E07,3.043E+3,3.125E+3,-1.495E+0,
5.85E07,3.139E+3,3.125E+3,2.494E-1,
5.86E07,3.215E+3,3.125E+3,1.594E+0,
5.87E07,3.131E+3,3.124E+3,1.214E-1,
5.88E07,3.150E+3,3.124E+3,4.668E-1,
5.89E07,3.156E+3,3.123E+3,5.804E-1,
5.9E07,3.114E+3,3.123E+3,-1.612E-1,
5.91E07,3.242E+3,3.123E+3,2.097E+0,
5.92E07,3.174E+3,3.122E+3,9.193E-1,
5.93E07,3.117E+3,3.122E+3,-8.626E-2,
5.94E07,3.142E+3,3.121E+3,3.670E-1,
5.95E07,3.096E+3,3.121E+3,-4.501E-1,
5.96E07,3.180E+3,3.121E+3,1.052E+0,
5.97E07,3.047E+3,3.120E+3,-1.328E+0,
5.98E07,3.062E+3,3.120E+3,-1.047E+0,
5.99E07,3.115E+3,3.120E+3,-8.135E-2,
6E07,3.132E+3,3.119E+3,2.292E-1,
6.01E07,3.167E+3,3.119E+3,8.564E-1,
6.02E07,3.144E+3,3.118E+3,4.558E-1,
6.03E07,3.102E+3,3.118E+3,-2.888E-1,
6.04E07,2.998E+3,3.118E+3,-2.187E+0,
6.05E07,3.073E+3,3.117E+3,-8.005E-1,
6.06E07,3.121E+3,3.117E+3,7.117E-2,
6.07E07,3.081E+3,3.117E+3,-6.427E-1,
6.08E07,3.194E+3,3.116E+3,1.374E+0,
6.09E07,3.137E+3,3.116E+3,3.751E-1,
6.1E07,3.097E+3,3.116E+3,-3.351E-1,
6.11E07,3.123E+3,3.115E+3,1.376E-1,
6.12E07,3.283E+3,3.115E+3,2.932E+0,
6.13E07,3.141E+3,3.115E+3,4.702E-1,
6.14E07,3.141E+3,3.114E+3,4.761E-1,
6.15E07,3.121E+3,3.114E+3,1.254E-1,
6.16E07,3.131E+3,3.114E+3,3.097E-1,
6.17E07,3.125E+3,3.113E+3,2.084E-1,
6.18E07,3.121E+3,3.113E+3,1.426E-1,
6.19E07,3.172E+3,3.113E+3,1.053E+0,
6.2E07,3.083E+3,3.112E+3,-5.296E-1,
6.21E07,3.006E+3,3.112E+3,-1.935E+0,
6.22E07,3.154E+3,3.112E+3,7.516E-1,
6.23E07,3.174E+3,3.111E+3,1.110E+0,
6.24E07,3.185E+3,3.111E+3,1.308E+0,
6.25E07,3.122E+3,3.111E+3,1.990E-1,
6.26E07,3.049E+3,3.111E+3,-1.115E+0,
6.27E07,3.131E+3,3.110E+3,3.702E-1,
6.28E07,3.183E+3,3.110E+3,1.294E+0,
6.29E07,3.153E+3,3.110E+3,7.711E-1,
6.3E07,3.145E+3,3.109E+3,6.345E-1,
6.31E07,3.124E+3,3.109E+3,2.660E-1,
6.32E07,3.217E+3,3.109E+3,1.907E+0,
6.33E07,3.135E+3,3.109E+3,4.721E-1,
6.34E07,3.172E+3,3.108E+3,1.131E+0,
6.35E07,3.034E+3,3.108E+3,-1.344E+0,
6.36E07,3.226E+3,3.108E+3,2.082E+0,
6.37E07,3.115E+3,3.107E+3,1.350E-1,
6.38E07,3.131E+3,3.107E+3,4.254E-1,
6.39E07,3.196E+3,3.107E+3,1.576E+0,
64000005.000000,3.161E+3,3.107E+3,9.665E-1,
64100005.000000,3.027E+3,3.106E+3,-1.443E+0,
64200005.000000,3.128E+3,3.106E+3,3.909E-1,
64300005.000000,3.065E+3,3.106E+3,-7.384E-1,
64400005.000000,3.143E+3,3.106E+3,6.667E-1,
64500005.000000,3.119E+3,3.105E+3,2.441E-1,
64600005.000000,3.178E+3,3.105E+3,1.293E+0,
64700005.000000,3.163E+3,3.105E+3,1.034E+0,
64800005.000000,3.137E+3,3.105E+3,5.782E-1,
64900005.000000,3.064E+3,3.104E+3,-7.293E-1,
65000005.000000,3.089E+3,3.104E+3,-2.721E-1,
65100005.000000,3.058E+3,3.104E+3,-8.297E-1,
65200005.000000,3.063E+3,3.104E+3,-7.344E-1,
65300005.000000,3.125E+3,3.103E+3,3.863E-1,
65400005.000000,2.986E+3,3.103E+3,-2.144E+0,
65500005.000000,3.024E+3,3.103E+3,-1.435E+0,
65600005.000000,3.106E+3,3.103E+3,5.920E-2,
65700005.000000,3.115E+3,3.102E+3,2.245E-1,
65800005.000000,3.073E+3,3.102E+3,-5.275E-1,
65900005.000000,3.092E+3,3.102E+3,-1.801E-1,
66000005.000000,3.066E+3,3.102E+3,-6.463E-1,
66100005.000000,3.057E+3,3.102E+3,-8.060E-1,
66200005.000000,3.164E+3,3.101E+3,1.114E+0,
66300005.000000,3.085E+3,3.101E+3,-2.903E-1,
66400005.000000,3.059E+3,3.101E+3,-7.577E-1,
66500005.000000,3.107E+3,3.101E+3,1.132E-1,
66600005.000000,3.187E+3,3.100E+3,1.533E+0,
66700005.000000,3.096E+3,3.100E+3,-7.662E-2,
66800005.000000,3.070E+3,3.100E+3,-5.424E-1,
66900005.000000,3.058E+3,3.100E+3,-7.567E-1,
67000005.000000,3.170E+3,3.100E+3,1.250E+0,
67100005.000000,3.168E+3,3.099E+3,1.218E+0,
67200005.000000,3.185E+3,3.099E+3,1.520E+0,
67300005.000000,3.087E+3,3.099E+3,-2.164E-1,
67400005.000000,3.167E+3,3.099E+3,1.211E+0,
67500005.000000,3.073E+3,3.099E+3,-4.622E-1,
67600005.000000,3.069E+3,3.098E+3,-5.312E-1,
67700005.000000,3.099E+3,3.098E+3,1.381E-2,
67800005.000000,3.108E+3,3.098E+3,1.787E-1,
67900005.000000,3.046E+3,3.098E+3,-9.394E-1,
68000005.000000,3.046E+3,3.098E+3,-9.359E-1,
68100005.000000,3.087E+3,3.097E+3,-1.883E-1,
68200005.000000,3.046E+3,3.097E+3,-9.291E-1,
68300005.000000,3.053E+3,3.097E+3,-7.979E-1,
68400005.000000,3.102E+3,3.097E+3,9.149E-2,
68500005.000000,3.183E+3,3.097E+3,1.529E+0,
68600005.000000,3.015E+3,3.097E+3,-1.485E+0,
68700005.000000,3.131E+3,3.096E+3,6.191E-1,
68800005.000000,3.120E+3,3.096E+3,4.264E-1,
68900005.000000,3.129E+3,3.096E+3,5.899E-1,
69000005.000000,3.148E+3,3.096E+3,9.299E-1,
69100005.000000,3.062E+3,3.096E+3,-6.081E-1,
69200005.000000,3.012E+3,3.095E+3,-1.521E+0,
69300005.000000,3.067E+3,3.095E+3,-5.111E-1,
69400005.000000,3.029E+3,3.095E+3,-1.202E+0,
69500005.000000,3.091E+3,3.095E+3,-7.137E-2,
69600005.000000,3.123E+3,3.095E+3,5.046E-1,
69700005.000000,3.085E+3,3.095E+3,-1.735E-1,
69800005.000000,3.161E+3,3.094E+3,1.183E+0,
69900005.000000,3.070E+3,3.094E+3,-4.387E-1,
70000005.000000,3.193E+3,3.094E+3,1.749E+0,
70100005.000000,3.017E+3,3.094E+3,-1.402E+0,
70200005.000000,3.073E+3,3.094E+3,-3.756E-1,
70300005.000000,3.036E+3,3.094E+3,-1.047E+0,
70400006.000000,3.071E+3,3.094E+3,-4.062E-1,
70500006.000000,3.122E+3,3.093E+3,5.127E-1,
70600006.000000,3.106E+3,3.093E+3,2.297E-1,
70700006.000000,3.001E+3,3.093E+3,-1.680E+0,
70800006.000000,3.198E+3,3.093E+3,1.859E+0,
70900006.000000,3.100E+3,3.093E+3,1.303E-1,
71000006.000000,3.053E+3,3.093E+3,-7.166E-1,
71100006.000000,2.982E+3,3.092E+3,-2.023E+0,
71200006.000000,3.098E+3,3.092E+3,1.024E-1,
71300006.000000,3.113E+3,3.092E+3,3.736E-1,
71400006.000000,2.955E+3,3.092E+3,-2.520E+0,
71500006.000000,3.061E+3,3.092E+3,-5.579E-1,
71600006.000000,2.987E+3,3.092E+3,-1.916E+0,
71700006.000000,3.108E+3,3.092E+3,2.945E-1,
71800006.000000,3.160E+3,3.091E+3,1.220E+0,
71900006.000000,3.033E+3,3.091E+3,-1.059E+0,
72000006.000000,3.055E+3,3.091E+3,-6.543E-1,
72100006.000000,3.060E+3,3.091E+3,-5.609E-1,
72200006.000000,3.020E+3,3.091E+3,-1.290E+0,
72300006.000000,3.176E+3,3.091E+3,1.513E+0,
72400006.000000,3.106E+3,3.091E+3,2.758E-1,
72500006.000000,3.010E+3,3.090E+3,-1.467E+0,
72600006.000000,3.116E+3,3.090E+3,4.593E-1,
72700006.000000,3.049E+3,3.090E+3,-7.467E-1,
72800006.000000,3.087E+3,3.090E+3,-5.588E-2,
72900006.000000,3.096E+3,3.090E+3,1.082E-1,
73000006.000000,3.029E+3,3.090E+3,-1.106E+0,
73100006.000000,3.052E+3,3.090E+3,-6.829E-1,
73200006.000000,3.140E+3,3.090E+3,8.994E-1,
73300006.000000,3.113E+3,3.089E+3,4.216E-1,
73400006.000000,3.093E+3,3.089E+3,6.556E-2,
73500006.000000,3.109E+3,3.089E+3,3.545E-1,
73600006.000000,3.117E+3,3.089E+3,4.995E-1,
73700006.000000,3.107E+3,3.089E+3,3.231E-1,
73800006.000000,3.018E+3,3.089E+3,-1.290E+0,
73900006.000000,3.212E+3,3.089E+3,2.175E+0,
74000006.000000,3.109E+3,3.089E+3,3.652E-1,
74100006.000000,3.075E+3,3.089E+3,-2.439E-1,
74200006.000000,3.126E+3,3.088E+3,6.724E-1,
74300006.000000,3.070E+3,3.088E+3,-3.302E-1,
74400006.000000,3.138E+3,3.088E+3,8.893E-1,
74500006.000000,3.060E+3,3.088E+3,-5.074E-1,
74600006.000000,2.952E+3,3.088E+3,-2.502E+0,
74700006.000000,3.055E+3,3.088E+3,-5.943E-1,
74800006.000000,3.042E+3,3.088E+3,-8.293E-1,
74900006.000000,3.086E+3,3.088E+3,-2.934E-2,
75000006.000000,3.108E+3,3.088E+3,3.673E-1,
75100006.000000,3.074E+3,3.087E+3,-2.420E-1,
75200006.000000,3.047E+3,3.087E+3,-7.303E-1,
75300006.000000,3.094E+3,3.087E+3,1.222E-1,
75400006.000000,3.090E+3,3.087E+3,5.215E-2,
75500006.000000,3.113E+3,3.087E+3,4.660E-1,
75600006.000000,3.036E+3,3.087E+3,-9.237E-1,
75700006.000000,3.152E+3,3.087E+3,1.161E+0,
75800006.000000,3.141E+3,3.087E+3,9.690E-1,
75900006.000000,3.101E+3,3.087E+3,2.587E-1,
76000006.000000,3.182E+3,3.086E+3,1.693E+0,
76100006.000000,3.179E+3,3.086E+3,1.642E+0,
76200006.000000,3.012E+3,3.086E+3,-1.354E+0,
76300006.000000,3.022E+3,3.086E+3,-1.168E+0,
76400006.000000,3.106E+3,3.086E+3,3.570E-1,
76500006.000000,3.022E+3,3.086E+3,-1.164E+0,
76600006.000000,3.075E+3,3.086E+3,-1.969E-1,
76700006.000000,3.117E+3,3.086E+3,5.584E-1,
76800006.000000,3.129E+3,3.086E+3,7.735E-1,
76900006.000000,3.086E+3,3.086E+3,6.518E-3,
77000006.000000,2.991E+3,3.086E+3,-1.729E+0,
77100006.000000,3.089E+3,3.085E+3,6.376E-2,
77200006.000000,3.121E+3,3.085E+3,6.378E-1,
77300006.000000,3.094E+3,3.085E+3,1.568E-1,
77400006.000000,3.106E+3,3.085E+3,3.734E-1,
77500006.000000,3.100E+3,3.085E+3,2.676E-1,
77600006.000000,3.066E+3,3.085E+3,-3.434E-1,
77700006.000000,2.994E+3,3.085E+3,-1.662E+0,
77800006.000000,3.041E+3,3.085E+3,-7.950E-1,
77900006.000000,3.084E+3,3.085E+3,-1.365E-2,
78000006.000000,3.080E+3,3.085E+3,-8.422E-2,
78100006.000000,3.010E+3,3.085E+3,-1.360E+0,
78200006.000000,3.031E+3,3.085E+3,-9.719E-1,
78300006.000000,3.142E+3,3.084E+3,1.027E+0,
78400006.000000,3.065E+3,3.084E+3,-3.494E-1,
78500006.000000,3.021E+3,3.084E+3,-1.151E+0,
78600006.000000,3.007E+3,3.084E+3,-1.408E+0,
78700006.000000,3.040E+3,3.084E+3,-7.999E-1,
78800006.000000,3.060E+3,3.084E+3,-4.343E-1,
78900006.000000,3.084E+3,3.084E+3,9.408E-4,
79000006.000000,3.087E+3,3.084E+3,5.633E-2,
79100006.000000,3.157E+3,3.084E+3,1.303E+0,
79200006.000000,3.103E+3,3.084E+3,3.462E-1,
79300006.000000,3.003E+3,3.084E+3,-1.472E+0,
79400006.000000,3.033E+3,3.084E+3,-9.182E-1,
79500006.000000,3.069E+3,3.083E+3,-2.616E-1,
79600006.000000,3.110E+3,3.083E+3,4.766E-1,
79700006.000000,3.036E+3,3.083E+3,-8.593E-1,
79800006.000000,3.110E+3,3.083E+3,4.793E-1,
79900006.000000,2.986E+3,3.083E+3,-1.779E+0,
80000006.000000,2.964E+3,3.083E+3,-2.188E+0,
80100006.000000,3.074E+3,3.083E+3,-1.634E-1,
80200006.000000,3.146E+3,3.083E+3,1.123E+0,
80300006.000000,3.147E+3,3.083E+3,1.142E+0,
80400006.000000,3.073E+3,3.083E+3,-1.777E-1,
80500006.000000,3.091E+3,3.083E+3,1.478E-1,
80600006.000000,3.080E+3,3.083E+3,-4.890E-2,
80700006.000000,3.023E+3,3.083E+3,-1.085E+0,
80800006.000000,3.071E+3,3.083E+3,-2.090E-1,
80900006.000000,3.101E+3,3.083E+3,3.320E-1,
81000006.000000,3.026E+3,3.082E+3,-1.026E+0,
81100006.000000,3.041E+3,3.082E+3,-7.504E-1,
81200006.000000,3.114E+3,3.082E+3,5.677E-1,
81300006.000000,3.125E+3,3.082E+3,7.647E-1,
81400006.000000,2.999E+3,3.082E+3,-1.519E+0,
81500006.000000,3.032E+3,3.082E+3,-9.103E-1,
81600006.000000,3.130E+3,3.082E+3,8.568E-1,
81700006.000000,3.028E+3,3.082E+3,-9.814E-1,
81800006.000000,3.110E+3,3.082E+3,5.031E-1,
81900006.000000,3.130E+3,3.082E+3,8.601E-1,
82000006.000000,3.011E+3,3.082E+3,-1.291E+0,
82100006.000000,2.983E+3,3.082E+3,-1.808E+0,
82200006.000000,3.163E+3,3.082E+3,1.446E+0,
82300006.000000,3.118E+3,3.082E+3,6.511E-1,
82400006.000000,2.985E+3,3.082E+3,-1.768E+0,
82500006.000000,3.095E+3,3.082E+3,2.422E-1,
82600006.000000,3.054E+3,3.081E+3,-4.970E-1,
82700006.000000,3.097E+3,3.081E+3,2.802E-1,
82800006.000000,3.056E+3,3.081E+3,-4.586E-1,
82900006.000000,3.022E+3,3.081E+3,-1.079E+0,
83000006.000000,3.170E+3,3.081E+3,1.576E+0,
83100006.000000,3.140E+3,3.081E+3,1.050E+0,
83200007.000000,3.065E+3,3.081E+3,-2.914E-1,
83300007.000000,3.049E+3,3.081E+3,-5.809E-1,
83400007.000000,3.060E+3,3.081E+3,-3.800E-1,
83500007.000000,3.151E+3,3.081E+3,1.248E+0,
83600007.000000,3.062E+3,3.081E+3,-3.418E-1,
83700007.000000,3.064E+3,3.081E+3,-3.046E-1,
83800007.000000,3.039E+3,3.081E+3,-7.584E-1,
83900007.000000,3.123E+3,3.081E+3,7.559E-1,
84000007.000000,2.980E+3,3.081E+3,-1.845E+0,
84100007.000000,3.164E+3,3.081E+3,1.482E+0,
84200007.000000,3.018E+3,3.081E+3,-1.140E+0,
84300007.000000,3.121E+3,3.081E+3,7.240E-1,
84400007.000000,3.052E+3,3.081E+3,-5.160E-1,
84500007.000000,3.048E+3,3.080E+3,-5.879E-1,
84600007.000000,3.076E+3,3.080E+3,-7.947E-2,
84700007.000000,3.094E+3,3.080E+3,2.452E-1,
84800007.000000,3.099E+3,3.080E+3,3.357E-1,
84900007.000000,3.155E+3,3.080E+3,1.331E+0,
85000007.000000,3.016E+3,3.080E+3,-1.169E+0,
85100007.000000,3.063E+3,3.080E+3,-3.102E-1,
85200007.000000,3.012E+3,3.080E+3,-1.241E+0,
85300007.000000,3.078E+3,3.080E+3,-3.742E-2,
85400007.000000,3.078E+3,3.080E+3,-3.659E-2,
85500007.000000,2.997E+3,3.080E+3,-1.516E+0,
85600007.000000,3.055E+3,3.080E+3,-4.512E-1,
85700007.000000,3.035E+3,3.080E+3,-8.149E-1,
85800007.000000,3.121E+3,3.080E+3,7.366E-1,
85900007.000000,3.017E+3,3.080E+3,-1.143E+0,
86000007.000000,3.092E+3,3.080E+3,2.201E-1,
86100007.000000,3.054E+3,3.080E+3,-4.654E-1,
86200007.000000,3.021E+3,3.080E+3,-1.068E+0,
86300007.000000,3.027E+3,3.080E+3,-9.567E-1,
86400007.000000,3.036E+3,3.080E+3,-7.912E-1,
86500007.000000,3.113E+3,3.080E+3,5.995E-1,
86600007.000000,3.107E+3,3.080E+3,4.932E-1,
86700007.000000,3.136E+3,3.079E+3,1.009E+0,
86800007.000000,3.012E+3,3.079E+3,-1.229E+0,
86900007.000000,3.116E+3,3.079E+3,6.559E-1,
87000007.000000,3.083E+3,3.079E+3,6.580E-2,
87100007.000000,3.126E+3,3.079E+3,8.351E-1,
87200007.000000,3.121E+3,3.079E+3,7.470E-1,
87300007.000000,3.099E+3,3.079E+3,3.552E-1,
87400007.000000,3.072E+3,3.079E+3,-1.297E-1,
87500007.000000,3.071E+3,3.079E+3,-1.471E-1,
87600007.000000,3.079E+3,3.079E+3,-2.024E-3,
87700007.000000,3.077E+3,3.079E+3,-3.739E-2,
87800007.000000,3.015E+3,3.079E+3,-1.166E+0,
87900007.000000,3.043E+3,3.079E+3,-6.526E-1,
88000007.000000,3.092E+3,3.079E+3,2.345E-1,
88100007.000000,3.020E+3,3.079E+3,-1.072E+0,
88200007.000000,3.033E+3,3.079E+3,-8.333E-1,
88300007.000000,3.060E+3,3.079E+3,-3.408E-1,
88400007.000000,3.111E+3,3.079E+3,5.770E-1,
88500007.000000,2.984E+3,3.079E+3,-1.735E+0,
88600007.000000,3.099E+3,3.079E+3,3.638E-1,
88700007.000000,3.069E+3,3.079E+3,-1.753E-1,
88800007.000000,3.125E+3,3.079E+3,8.287E-1,
88900007.000000,3.022E+3,3.079E+3,-1.030E+0,
89000007.000000,3.031E+3,3.079E+3,-8.648E-1,
89100007.000000,3.125E+3,3.079E+3,8.305E-1,
89200007.000000,3.081E+3,3.079E+3,4.430E-2,
89300007.000000,3.107E+3,3.079E+3,5.112E-1,
89400007.000000,3.156E+3,3.078E+3,1.380E+0,
89500007.000000,3.011E+3,3.078E+3,-1.229E+0,
89600007.000000,3.093E+3,3.078E+3,2.623E-1,
89700007.000000,3.110E+3,3.078E+3,5.670E-1,
89800007.000000,3.055E+3,3.078E+3,-4.224E-1,
89900007.000000,3.008E+3,3.078E+3,-1.282E+0,
90000007.000000,3.048E+3,3.078E+3,-5.485E-1,
90100007.000000,3.125E+3,3.078E+3,8.363E-1,
90200007.000000,3.052E+3,3.078E+3,-4.746E-1,
90300007.000000,3.085E+3,3.078E+3,1.226E-1,
90400007.000000,3.061E+3,3.078E+3,-3.102E-1,
90500007.000000,3.059E+3,3.078E+3,-3.459E-1,
90600007.000000,3.084E+3,3.078E+3,1.062E-1,
90700007.000000,2.965E+3,3.078E+3,-2.077E+0,
90800007.000000,3.051E+3,3.078E+3,-4.896E-1,
90900007.000000,3.113E+3,3.078E+3,6.271E-1,
91000007.000000,3.156E+3,3.078E+3,1.389E+0,
91100007.000000,3.025E+3,3.078E+3,-9.628E-1,
91200007.000000,2.950E+3,3.078E+3,-2.355E+0,
91300007.000000,3.040E+3,3.078E+3,-6.873E-1,
91400007.000000,3.010E+3,3.078E+3,-1.237E+0,
91500007.000000,3.173E+3,3.078E+3,1.689E+0,
91600007.000000,3.164E+3,3.078E+3,1.532E+0,
91700007.000000,3.096E+3,3.078E+3,3.273E-1,
91800007.000000,3.016E+3,3.078E+3,-1.125E+0,
91900007.000000,3.066E+3,3.078E+3,-2.119E-1,
92000007.000000,2.978E+3,3.078E+3,-1.827E+0,
92100007.000000,3.048E+3,3.078E+3,-5.376E-1,
92200007.000000,3.053E+3,3.078E+3,-4.462E-1,
92300007.000000,3.103E+3,3.078E+3,4.555E-1,
92400007.000000,3.078E+3,3.078E+3,7.182E-3,
92500007.000000,3.040E+3,3.078E+3,-6.815E-1,
92600007.000000,3.123E+3,3.078E+3,8.133E-1,
92700007.000000,3.217E+3,3.078E+3,2.459E+0,
92800007.000000,3.055E+3,3.078E+3,-4.071E-1,
92900007.000000,3.122E+3,3.077E+3,7.969E-1,
93000007.000000,3.080E+3,3.077E+3,4.592E-2,
93100007.000000,2.996E+3,3.077E+3,-1.488E+0,
93200007.000000,2.992E+3,3.077E+3,-1.561E+0,
93300007.000000,3.108E+3,3.077E+3,5.493E-1,
93400007.000000,3.056E+3,3.077E+3,-3.863E-1,
93500007.000000,3.045E+3,3.077E+3,-5.859E-1,
93600007.000000,3.100E+3,3.077E+3,4.076E-1,
93700007.000000,3.122E+3,3.077E+3,8.003E-1,
93800007.000000,3.044E+3,3.077E+3,-6.029E-1,
93900007.000000,3.079E+3,3.077E+3,3.173E-2,
94000007.000000,3.072E+3,3.077E+3,-9.412E-2,
94100007.000000,3.073E+3,3.077E+3,-7.566E-2,
94200007.000000,3.136E+3,3.077E+3,1.051E+0,
94300007.000000,3.035E+3,3.077E+3,-7.651E-1,
94400007.000000,3.193E+3,3.077E+3,2.051E+0,
94500007.000000,3.087E+3,3.077E+3,1.781E-1,
94600007.000000,3.054E+3,3.077E+3,-4.177E-1,
94700007.000000,3.054E+3,3.077E+3,-4.173E-1,
94800007.000000,3.172E+3,3.077E+3,1.686E+0,
94900007.000000,3.094E+3,3.077E+3,3.052E-1,
95000007.000000,3.043E+3,3.077E+3,-6.164E-1,
95100007.000000,3.044E+3,3.077E+3,-5.978E-1,
95200007.000000,3.092E+3,3.077E+3,2.705E-1,
95300007.000000,3.055E+3,3.077E+3,-3.969E-1,
95400007.000000,3.076E+3,3.077E+3,-1.657E-2,
95500007.000000,3.024E+3,3.077E+3,-9.620E-1,
95600007.000000,3.178E+3,3.077E+3,1.794E+0,
95700007.000000,3.172E+3,3.077E+3,1.689E+0,
95800007.000000,3.015E+3,3.077E+3,-1.126E+0,
95900007.000000,3.070E+3,3.077E+3,-1.231E-1,
96000008.000000,3.095E+3,3.077E+3,3.271E-1,
96100008.000000,3.050E+3,3.077E+3,-4.849E-1,
96200008.000000,2.991E+3,3.077E+3,-1.568E+0,
96300008.000000,3.065E+3,3.077E+3,-2.121E-1,
96400008.000000,2.964E+3,3.077E+3,-2.071E+0,
96500008.000000,3.100E+3,3.077E+3,4.183E-1,
96600008.000000,3.012E+3,3.077E+3,-1.179E+0,
96700008.000000,3.003E+3,3.077E+3,-1.344E+0,
96800008.000000,2.989E+3,3.077E+3,-1.603E+0,
96900008.000000,3.137E+3,3.077E+3,1.078E+0,
97000008.000000,3.129E+3,3.077E+3,9.364E-1,
97100008.000000,3.094E+3,3.077E+3,3.128E-1,
97200008.000000,3.123E+3,3.077E+3,8.306E-1,
97300008.000000,3.034E+3,3.077E+3,-7.728E-1,
97400008.000000,3.091E+3,3.077E+3,2.599E-1,
97500008.000000,3.119E+3,3.077E+3,7.604E-1,
97600008.000000,3.090E+3,3.077E+3,2.426E-1,
97700008.000000,3.050E+3,3.076E+3,-4.798E-1,
97800008.000000,3.061E+3,3.076E+3,-2.798E-1,
97900008.000000,3.150E+3,3.076E+3,1.310E+0,
98000008.000000,3.107E+3,3.076E+3,5.481E-1,
98100008.000000,3.051E+3,3.076E+3,-4.604E-1,
98200008.000000,3.088E+3,3.076E+3,2.084E-1,
98300008.000000,3.127E+3,3.076E+3,9.049E-1,
98400008.000000,2.986E+3,3.076E+3,-1.654E+0,
98500008.000000,3.062E+3,3.076E+3,-2.597E-1,
98600008.000000,3.001E+3,3.076E+3,-1.376E+0,
98700008.000000,3.050E+3,3.076E+3,-4.769E-1,
98800008.000000,3.059E+3,3.076E+3,-3.132E-1,
98900008.000000,3.069E+3,3.076E+3,-1.319E-1,
99000008.000000,2.995E+3,3.076E+3,-1.485E+0,
99100008.000000,3.118E+3,3.076E+3,7.472E-1,
99200008.000000,3.035E+3,3.076E+3,-7.490E-1,
99300008.000000,3.117E+3,3.076E+3,7.299E-1,
99400008.000000,3.050E+3,3.076E+3,-4.750E-1,
99500008.000000,3.106E+3,3.076E+3,5.343E-1,
99600008.000000,3.058E+3,3.076E+3,-3.292E-1,
99700008.000000,3.143E+3,3.076E+3,1.192E+0,
99800008.000000,3.082E+3,3.076E+3,1.049E-1,
99900008.000000,3.020E+3,3.076E+3,-1.022E+0,
