Water (400mA 1ms)

Labels,Decay63,Decay63F1,Decay63F1R,
Type,Time Scan,Exponential Fit Time Scan,Weighted Residuals Time Scan,
Comment,,,,
Start,0.00,1.1E06,1.1E06,
Stop,99900008.000000,99900008.000000,99900008.000000,
Step,1E05,1E05,1E05,
Fixed/Offset, , , ,
XAxis,Time,Time,Time,
YAxis,Counts,Counts,Counts,

0.00,3.223E+3, , ,
1E05,4.829E+3, , ,
2E05,5.810E+3, , ,
3E05,6.911E+3, , ,
4E05,7.793E+3, , ,
5E05,8.648E+3, , ,
6E05,9.578E+3, , ,
700000.050000,1.045E+4, , ,
800000.060000,1.151E+4, , ,
900000.070000,1.223E+4, , ,
1E06,1.294E+4, , ,
1.1E06,1.238E+4,1.197E+4,3.698E+0,
1.2E06,1.193E+4,1.190E+4,2.559E-1,
1.3E06,1.195E+4,1.183E+4,1.151E+0,
1.4E06,1.190E+4,1.175E+4,1.302E+0,
1.5E06,1.199E+4,1.168E+4,2.810E+0,
1.6E06,1.179E+4,1.161E+4,1.582E+0,
1.7E06,1.148E+4,1.154E+4,-5.668E-1,
1.8E06,1.157E+4,1.147E+4,9.128E-1,
1.9E06,1.144E+4,1.141E+4,2.951E-1,
2E06,1.143E+4,1.134E+4,8.172E-1,
2.1E06,1.144E+4,1.127E+4,1.567E+0,
2.2E06,1.122E+4,1.120E+4,1.443E-1,
2.3E06,1.124E+4,1.114E+4,9.848E-1,
2.4E06,1.107E+4,1.107E+4,-9.401E-3,
2.5E06,1.103E+4,1.101E+4,1.911E-1,
2.6E06,1.100E+4,1.094E+4,5.490E-1,
2.7E06,1.094E+4,1.088E+4,5.504E-1,
2.8E06,1.094E+4,1.082E+4,1.224E+0,
2.9E06,1.088E+4,1.075E+4,1.189E+0,
3E06,1.087E+4,1.069E+4,1.692E+0,
3.1E06,1.055E+4,1.063E+4,-7.762E-1,
3.2E06,1.059E+4,1.057E+4,2.300E-1,
3.3E06,1.051E+4,1.051E+4,-4.297E-3,
3.4E06,1.048E+4,1.045E+4,2.926E-1,
3.5E06,1.035E+4,1.039E+4,-3.358E-1,
3.6E06,1.042E+4,1.033E+4,8.645E-1,
3.7E06,1.038E+4,1.027E+4,1.120E+0,
3.8E06,1.022E+4,1.021E+4,9.455E-2,
3.9E06,9.933E+3,1.015E+4,-2.192E+0,
4E06,1.022E+4,1.009E+4,1.266E+0,
4.1E06,1.007E+4,1.004E+4,3.681E-1,
4.2E06,1.012E+4,9.981E+3,1.337E+0,
4.3E06,9.802E+3,9.924E+3,-1.237E+0,
4.4E06,9.783E+3,9.869E+3,-8.683E-1,
4.5E06,9.821E+3,9.814E+3,7.320E-2,
4.6E06,9.680E+3,9.759E+3,-8.036E-1,
4.7E06,9.768E+3,9.705E+3,6.391E-1,
4.8E06,9.622E+3,9.651E+3,-2.961E-1,
4.9E06,9.438E+3,9.598E+3,-1.644E+0,
5E06,9.565E+3,9.545E+3,2.065E-1,
5.1E06,9.426E+3,9.492E+3,-6.833E-1,
5.2E06,9.256E+3,9.440E+3,-1.916E+0,
5.3E06,9.412E+3,9.389E+3,2.402E-1,
5.4E06,9.354E+3,9.338E+3,1.704E-1,
5.5E06,9.190E+3,9.287E+3,-1.009E+0,
5.6E06,8.965E+3,9.236E+3,-2.867E+0,
5.7E06,9.095E+3,9.186E+3,-9.594E-1,
5.8E06,9.201E+3,9.137E+3,6.674E-1,
5.9E06,9.119E+3,9.088E+3,3.260E-1,
6E06,9.081E+3,9.039E+3,4.390E-1,
6.1E06,8.979E+3,8.991E+3,-1.252E-1,
6.2E06,8.895E+3,8.943E+3,-5.085E-1,
6.3E06,8.955E+3,8.895E+3,6.293E-1,
6400000.500000,8.755E+3,8.848E+3,-9.975E-1,
6500000.500000,8.627E+3,8.802E+3,-1.880E+0,
6600000.500000,8.584E+3,8.755E+3,-1.848E+0,
6700000.500000,8.702E+3,8.709E+3,-7.819E-2,
6800000.500000,8.700E+3,8.664E+3,3.891E-1,
6900000.500000,8.589E+3,8.619E+3,-3.183E-1,
7000000.500000,8.448E+3,8.574E+3,-1.367E+0,
7100000.600000,8.576E+3,8.529E+3,5.054E-1,
7200000.600000,8.530E+3,8.485E+3,4.862E-1,
7300000.600000,8.498E+3,8.441E+3,6.145E-1,
7400000.600000,8.303E+3,8.398E+3,-1.042E+0,
7500000.600000,8.306E+3,8.355E+3,-5.371E-1,
7600000.600000,8.296E+3,8.312E+3,-1.788E-1,
7700000.600000,8.225E+3,8.270E+3,-4.959E-1,
7800000.600000,8.099E+3,8.228E+3,-1.433E+0,
7900000.600000,8.012E+3,8.186E+3,-1.948E+0,
8000000.600000,8.122E+3,8.145E+3,-2.564E-1,
8100000.600000,8.026E+3,8.104E+3,-8.725E-1,
8200000.600000,7.906E+3,8.064E+3,-1.772E+0,
8300000.600000,8.015E+3,8.023E+3,-9.269E-2,
8400000.700000,7.950E+3,7.983E+3,-3.742E-1,
8500000.700000,8.149E+3,7.944E+3,2.274E+0,
8600000.700000,7.902E+3,7.904E+3,-2.785E-2,
8700000.700000,7.890E+3,7.866E+3,2.756E-1,
8800000.700000,7.859E+3,7.827E+3,3.623E-1,
8900000.700000,7.693E+3,7.789E+3,-1.090E+0,
9000000.700000,7.540E+3,7.751E+3,-2.425E+0,
9100000.700000,7.610E+3,7.713E+3,-1.179E+0,
9200000.700000,7.588E+3,7.675E+3,-1.004E+0,
9300000.700000,7.628E+3,7.638E+3,-1.193E-1,
9400000.700000,7.523E+3,7.602E+3,-9.069E-1,
9500000.700000,7.552E+3,7.565E+3,-1.518E-1,
9600000.800000,7.707E+3,7.529E+3,2.027E+0,
9700000.800000,7.615E+3,7.493E+3,1.396E+0,
9800000.800000,7.372E+3,7.458E+3,-9.970E-1,
9900000.800000,7.346E+3,7.422E+3,-8.905E-1,
1E07,7.403E+3,7.387E+3,1.821E-1,
1.01E07,7.422E+3,7.353E+3,8.051E-1,
1.02E07,7.293E+3,7.318E+3,-2.954E-1,
1.03E07,7.265E+3,7.284E+3,-2.241E-1,
1.04E07,7.218E+3,7.250E+3,-3.796E-1,
1.05E07,7.282E+3,7.217E+3,7.654E-1,
1.06E07,7.270E+3,7.183E+3,1.016E+0,
1.07E07,7.047E+3,7.150E+3,-1.231E+0,
1.08E07,6.973E+3,7.118E+3,-1.732E+0,
1.09E07,7.114E+3,7.085E+3,3.421E-1,
1.1E07,7.137E+3,7.053E+3,9.950E-1,
1.11E07,7.099E+3,7.021E+3,9.258E-1,
1.12E07,6.979E+3,6.989E+3,-1.235E-1,
1.13E07,7.073E+3,6.958E+3,1.369E+0,
1.14E07,6.790E+3,6.927E+3,-1.659E+0,
1.15E07,6.719E+3,6.896E+3,-2.157E+0,
1.16E07,7.018E+3,6.865E+3,1.824E+0,
1.17E07,6.769E+3,6.835E+3,-7.996E-1,
1.18E07,6.722E+3,6.805E+3,-1.008E+0,
1.19E07,6.815E+3,6.775E+3,4.877E-1,
1.2E07,6.760E+3,6.745E+3,1.814E-1,
1.21E07,6.616E+3,6.716E+3,-1.225E+0,
1.22E07,6.644E+3,6.687E+3,-5.215E-1,
1.23E07,6.591E+3,6.658E+3,-8.202E-1,
1.24E07,6.586E+3,6.629E+3,-5.286E-1,
1.25E07,6.556E+3,6.600E+3,-5.489E-1,
1.26E07,6.460E+3,6.572E+3,-1.396E+0,
1.27E07,6.490E+3,6.544E+3,-6.733E-1,
1.28E07,6.478E+3,6.516E+3,-4.782E-1,
1.29E07,6.414E+3,6.489E+3,-9.360E-1,
1.3E07,6.279E+3,6.462E+3,-2.305E+0,
1.31E07,6.339E+3,6.435E+3,-1.201E+0,
1.32E07,6.468E+3,6.408E+3,7.493E-1,
1.33E07,6.334E+3,6.381E+3,-5.919E-1,
1.34E07,6.477E+3,6.355E+3,1.520E+0,
1.35E07,6.324E+3,6.329E+3,-5.667E-2,
1.36E07,6.343E+3,6.303E+3,5.082E-1,
1.37E07,6.312E+3,6.277E+3,4.435E-1,
1.38E07,6.192E+3,6.251E+3,-7.525E-1,
1.39E07,6.089E+3,6.226E+3,-1.754E+0,
1.4E07,6.114E+3,6.201E+3,-1.109E+0,
1.41E07,5.846E+3,6.176E+3,-4.314E+0,
1.42E07,6.183E+3,6.151E+3,4.057E-1,
1.43E07,6.102E+3,6.127E+3,-3.147E-1,
1.44E07,6.114E+3,6.102E+3,1.501E-1,
1.45E07,6.014E+3,6.078E+3,-8.272E-1,
1.46E07,5.946E+3,6.054E+3,-1.404E+0,
1.47E07,6.133E+3,6.031E+3,1.309E+0,
1.48E07,5.949E+3,6.007E+3,-7.519E-1,
1.49E07,5.978E+3,5.984E+3,-7.327E-2,
1.5E07,5.940E+3,5.961E+3,-2.663E-1,
1.51E07,6.049E+3,5.938E+3,1.433E+0,
1.52E07,5.747E+3,5.915E+3,-2.214E+0,
1.53E07,6.082E+3,5.892E+3,2.433E+0,
1.54E07,5.808E+3,5.870E+3,-8.118E-1,
1.55E07,5.824E+3,5.848E+3,-3.101E-1,
1.56E07,5.801E+3,5.826E+3,-3.237E-1,
1.57E07,5.899E+3,5.804E+3,1.239E+0,
1.58E07,5.761E+3,5.782E+3,-2.788E-1,
1.59E07,5.850E+3,5.761E+3,1.168E+0,
1.6E07,5.883E+3,5.739E+3,1.872E+0,
1.61E07,5.575E+3,5.718E+3,-1.919E+0,
1.62E07,5.536E+3,5.697E+3,-2.168E+0,
1.63E07,5.652E+3,5.677E+3,-3.262E-1,
1.64E07,5.747E+3,5.656E+3,1.201E+0,
1.65E07,5.603E+3,5.635E+3,-4.339E-1,
1.66E07,5.674E+3,5.615E+3,7.805E-1,
1.67E07,5.560E+3,5.595E+3,-4.708E-1,
1.68E07,5.583E+3,5.575E+3,1.048E-1,
1.69E07,5.556E+3,5.555E+3,8.110E-3,
1.7E07,5.440E+3,5.536E+3,-1.299E+0,
1.71E07,5.493E+3,5.516E+3,-3.149E-1,
1.72E07,5.486E+3,5.497E+3,-1.492E-1,
1.73E07,5.556E+3,5.478E+3,1.048E+0,
1.74E07,5.496E+3,5.459E+3,4.998E-1,
1.75E07,5.379E+3,5.440E+3,-8.335E-1,
1.76E07,5.402E+3,5.421E+3,-2.649E-1,
1.77E07,5.288E+3,5.403E+3,-1.581E+0,
1.78E07,5.294E+3,5.385E+3,-1.245E+0,
1.79E07,5.396E+3,5.366E+3,4.029E-1,
1.8E07,5.353E+3,5.348E+3,6.356E-2,
1.81E07,5.446E+3,5.330E+3,1.566E+0,
1.82E07,5.182E+3,5.313E+3,-1.815E+0,
1.83E07,5.218E+3,5.295E+3,-1.067E+0,
1.84E07,5.274E+3,5.278E+3,-4.970E-2,
1.85E07,5.244E+3,5.260E+3,-2.249E-1,
1.86E07,5.248E+3,5.243E+3,6.754E-2,
1.87E07,5.169E+3,5.226E+3,-7.938E-1,
1.88E07,5.258E+3,5.209E+3,6.734E-1,
1.89E07,5.220E+3,5.192E+3,3.818E-1,
1.9E07,5.296E+3,5.176E+3,1.652E+0,
1.91E07,5.207E+3,5.159E+3,6.609E-1,
1.92E07,5.174E+3,5.143E+3,4.315E-1,
1.93E07,5.133E+3,5.127E+3,8.729E-2,
1.94E07,5.235E+3,5.111E+3,1.718E+0,
1.95E07,5.128E+3,5.095E+3,4.648E-1,
1.96E07,5.196E+3,5.079E+3,1.624E+0,
1.97E07,5.076E+3,5.063E+3,1.794E-1,
1.98E07,5.038E+3,5.048E+3,-1.361E-1,
1.99E07,5.032E+3,5.032E+3,-3.263E-3,
2E07,5.095E+3,5.017E+3,1.094E+0,
2.01E07,5.026E+3,5.002E+3,3.420E-1,
2.02E07,4.955E+3,4.987E+3,-4.504E-1,
2.03E07,5.072E+3,4.972E+3,1.407E+0,
2.04E07,4.868E+3,4.957E+3,-1.275E+0,
2.05E07,4.898E+3,4.942E+3,-6.329E-1,
2.06E07,4.947E+3,4.928E+3,2.740E-1,
2.07E07,4.914E+3,4.913E+3,1.013E-2,
2.08E07,4.862E+3,4.899E+3,-5.302E-1,
2.09E07,4.885E+3,4.885E+3,3.374E-3,
2.1E07,4.937E+3,4.871E+3,9.439E-1,
2.11E07,4.957E+3,4.857E+3,1.425E+0,
2.12E07,4.845E+3,4.843E+3,3.089E-2,
2.13E07,4.894E+3,4.829E+3,9.276E-1,
2.14E07,4.786E+3,4.815E+3,-4.261E-1,
2.15E07,4.701E+3,4.802E+3,-1.473E+0,
2.16E07,4.934E+3,4.789E+3,2.071E+0,
2.17E07,4.664E+3,4.775E+3,-1.629E+0,
2.18E07,4.854E+3,4.762E+3,1.319E+0,
2.19E07,4.771E+3,4.749E+3,3.185E-1,
2.2E07,4.758E+3,4.736E+3,3.185E-1,
2.21E07,4.722E+3,4.723E+3,-1.704E-2,
2.22E07,4.764E+3,4.710E+3,7.764E-1,
2.23E07,4.706E+3,4.698E+3,1.201E-1,
2.24E07,4.677E+3,4.685E+3,-1.201E-1,
2.25E07,4.746E+3,4.673E+3,1.063E+0,
2.26E07,4.637E+3,4.660E+3,-3.441E-1,
2.27E07,4.627E+3,4.648E+3,-3.116E-1,
2.28E07,4.635E+3,4.636E+3,-1.548E-2,
2.29E07,4.595E+3,4.624E+3,-4.280E-1,
2.3E07,4.684E+3,4.612E+3,1.051E+0,
2.31E07,4.557E+3,4.600E+3,-6.405E-1,
2.32E07,4.501E+3,4.588E+3,-1.304E+0,
2.33E07,4.584E+3,4.577E+3,1.057E-1,
2.34E07,4.538E+3,4.565E+3,-4.051E-1,
2.35E07,4.651E+3,4.554E+3,1.425E+0,
2.36E07,4.505E+3,4.542E+3,-5.583E-1,
2.37E07,4.445E+3,4.531E+3,-1.293E+0,
2.38E07,4.491E+3,4.520E+3,-4.332E-1,
2.39E07,4.581E+3,4.509E+3,1.065E+0,
2.4E07,4.422E+3,4.498E+3,-1.142E+0,
2.41E07,4.556E+3,4.487E+3,1.021E+0,
2.42E07,4.509E+3,4.476E+3,4.878E-1,
2.43E07,4.494E+3,4.466E+3,4.248E-1,
2.44E07,4.438E+3,4.455E+3,-2.535E-1,
2.45E07,4.446E+3,4.444E+3,2.488E-2,
2.46E07,4.475E+3,4.434E+3,6.147E-1,
2.47E07,4.406E+3,4.424E+3,-2.638E-1,
2.48E07,4.380E+3,4.413E+3,-5.019E-1,
2.49E07,4.427E+3,4.403E+3,3.605E-1,
2.5E07,4.360E+3,4.393E+3,-4.982E-1,
2.51E07,4.440E+3,4.383E+3,8.575E-1,
2.52E07,4.377E+3,4.373E+3,6.187E-2,
2.53E07,4.461E+3,4.363E+3,1.467E+0,
2.54E07,4.416E+3,4.353E+3,9.444E-1,
2.55E07,4.364E+3,4.344E+3,3.098E-1,
2.56E07,4.528E+3,4.334E+3,2.884E+0,
2.57E07,4.337E+3,4.324E+3,1.920E-1,
2.58E07,4.294E+3,4.315E+3,-3.187E-1,
2.59E07,4.319E+3,4.305E+3,2.056E-1,
2.6E07,4.419E+3,4.296E+3,1.848E+0,
2.61E07,4.327E+3,4.287E+3,6.091E-1,
2.62E07,4.297E+3,4.278E+3,2.933E-1,
2.63E07,4.275E+3,4.269E+3,9.661E-2,
2.64E07,4.299E+3,4.260E+3,5.998E-1,
2.65E07,4.165E+3,4.251E+3,-1.328E+0,
2.66E07,4.259E+3,4.242E+3,2.625E-1,
2.67E07,4.288E+3,4.233E+3,8.388E-1,
2.68E07,4.350E+3,4.224E+3,1.905E+0,
2.69E07,4.158E+3,4.216E+3,-8.949E-1,
2.7E07,4.175E+3,4.207E+3,-4.972E-1,
2.71E07,4.133E+3,4.199E+3,-1.021E+0,
2.72E07,4.163E+3,4.190E+3,-4.214E-1,
2.73E07,4.234E+3,4.182E+3,8.019E-1,
2.74E07,4.258E+3,4.174E+3,1.295E+0,
2.75E07,4.106E+3,4.165E+3,-9.253E-1,
2.76E07,4.101E+3,4.157E+3,-8.765E-1,
2.77E07,4.137E+3,4.149E+3,-1.872E-1,
2.78E07,4.138E+3,4.141E+3,-4.679E-2,
2.79E07,4.188E+3,4.133E+3,8.491E-1,
2.8E07,4.058E+3,4.125E+3,-1.054E+0,
2.81E07,4.157E+3,4.117E+3,6.154E-1,
2.82E07,4.136E+3,4.110E+3,4.112E-1,
2.83E07,4.068E+3,4.102E+3,-5.308E-1,
2.84E07,4.133E+3,4.094E+3,6.033E-1,
2.85E07,4.165E+3,4.087E+3,1.214E+0,
2.86E07,4.016E+3,4.079E+3,-9.961E-1,
2.87E07,4.025E+3,4.072E+3,-7.356E-1,
2.88E07,4.115E+3,4.064E+3,7.907E-1,
2.89E07,4.087E+3,4.057E+3,4.700E-1,
2.9E07,4.183E+3,4.050E+3,2.061E+0,
2.91E07,3.993E+3,4.042E+3,-7.829E-1,
2.92E07,4.134E+3,4.035E+3,1.535E+0,
2.93E07,4.106E+3,4.028E+3,1.214E+0,
2.94E07,4.064E+3,4.021E+3,6.714E-1,
2.95E07,4.115E+3,4.014E+3,1.571E+0,
2.96E07,3.949E+3,4.007E+3,-9.278E-1,
2.97E07,3.903E+3,4.000E+3,-1.560E+0,
2.98E07,4.037E+3,3.994E+3,6.824E-1,
2.99E07,3.970E+3,3.987E+3,-2.681E-1,
3E07,4.060E+3,3.980E+3,1.252E+0,
3.01E07,3.926E+3,3.974E+3,-7.591E-1,
3.02E07,3.999E+3,3.967E+3,5.063E-1,
3.03E07,3.990E+3,3.960E+3,4.678E-1,
3.04E07,3.982E+3,3.954E+3,4.441E-1,
3.05E07,3.863E+3,3.948E+3,-1.360E+0,
3.06E07,4.005E+3,3.941E+3,1.008E+0,
3.07E07,3.976E+3,3.935E+3,6.522E-1,
3.08E07,3.996E+3,3.929E+3,1.066E+0,
3.09E07,3.982E+3,3.922E+3,9.445E-1,
3.1E07,3.946E+3,3.916E+3,4.738E-1,
3.11E07,3.886E+3,3.910E+3,-3.870E-1,
3.12E07,3.927E+3,3.904E+3,3.660E-1,
3.13E07,3.910E+3,3.898E+3,1.910E-1,
3.14E07,3.882E+3,3.892E+3,-1.620E-1,
3.15E07,3.951E+3,3.886E+3,1.031E+0,
3.16E07,3.927E+3,3.880E+3,7.449E-1,
3.17E07,3.865E+3,3.875E+3,-1.529E-1,
3.18E07,3.714E+3,3.869E+3,-2.539E+0,
3.19E07,3.743E+3,3.863E+3,-1.962E+0,
3.2E07,3.758E+3,3.857E+3,-1.621E+0,
3.21E07,3.900E+3,3.852E+3,7.731E-1,
3.22E07,3.835E+3,3.846E+3,-1.799E-1,
3.23E07,3.943E+3,3.841E+3,1.631E+0,
3.24E07,3.852E+3,3.835E+3,2.719E-1,
3.25E07,3.866E+3,3.830E+3,5.841E-1,
3.26E07,3.758E+3,3.824E+3,-1.081E+0,
3.27E07,3.901E+3,3.819E+3,1.314E+0,
3.28E07,3.888E+3,3.814E+3,1.193E+0,
3.29E07,3.878E+3,3.808E+3,1.118E+0,
3.3E07,3.839E+3,3.803E+3,5.789E-1,
3.31E07,3.933E+3,3.798E+3,2.153E+0,
3.32E07,3.801E+3,3.793E+3,1.327E-1,
3.33E07,3.791E+3,3.788E+3,5.320E-2,
3.34E07,3.760E+3,3.783E+3,-3.697E-1,
3.35E07,3.809E+3,3.778E+3,5.078E-1,
3.36E07,3.724E+3,3.773E+3,-7.979E-1,
3.37E07,3.686E+3,3.768E+3,-1.347E+0,
3.38E07,3.753E+3,3.763E+3,-1.612E-1,
3.39E07,3.757E+3,3.758E+3,-1.679E-2,
3.4E07,3.914E+3,3.753E+3,2.570E+0,
3.41E07,3.700E+3,3.748E+3,-7.966E-1,
3.42E07,3.705E+3,3.744E+3,-6.362E-1,
3.43E07,3.774E+3,3.739E+3,5.691E-1,
3.44E07,3.746E+3,3.734E+3,1.898E-1,
3.45E07,3.757E+3,3.730E+3,4.442E-1,
3.46E07,3.777E+3,3.725E+3,8.429E-1,
3.47E07,3.717E+3,3.721E+3,-6.004E-2,
3.48E07,3.715E+3,3.716E+3,-1.904E-2,
3.49E07,3.587E+3,3.712E+3,-2.082E+0,
3.5E07,3.750E+3,3.707E+3,6.977E-1,
3.51E07,3.609E+3,3.703E+3,-1.563E+0,
3.52E07,3.711E+3,3.699E+3,2.047E-1,
3.53E07,3.754E+3,3.694E+3,9.758E-1,
3.54E07,3.664E+3,3.690E+3,-4.284E-1,
3.55E07,3.719E+3,3.686E+3,5.463E-1,
3.56E07,3.746E+3,3.681E+3,1.054E+0,
3.57E07,3.692E+3,3.677E+3,2.420E-1,
3.58E07,3.844E+3,3.673E+3,2.756E+0,
3.59E07,3.709E+3,3.669E+3,6.561E-1,
3.6E07,3.667E+3,3.665E+3,3.353E-2,
3.61E07,3.676E+3,3.661E+3,2.486E-1,
3.62E07,3.559E+3,3.657E+3,-1.641E+0,
3.63E07,3.642E+3,3.653E+3,-1.814E-1,
3.64E07,3.661E+3,3.649E+3,1.983E-1,
3.65E07,3.640E+3,3.645E+3,-8.444E-2,
3.66E07,3.708E+3,3.641E+3,1.097E+0,
3.67E07,3.715E+3,3.637E+3,1.274E+0,
3.68E07,3.608E+3,3.634E+3,-4.255E-1,
3.69E07,3.568E+3,3.630E+3,-1.034E+0,
3.7E07,3.682E+3,3.626E+3,9.225E-1,
3.71E07,3.619E+3,3.622E+3,-5.493E-2,
3.72E07,3.671E+3,3.619E+3,8.646E-1,
3.73E07,3.709E+3,3.615E+3,1.544E+0,
3.74E07,3.622E+3,3.611E+3,1.773E-1,
3.75E07,3.617E+3,3.608E+3,1.542E-1,
3.76E07,3.606E+3,3.604E+3,3.068E-2,
3.77E07,3.577E+3,3.601E+3,-3.949E-1,
3.78E07,3.612E+3,3.597E+3,2.478E-1,
3.79E07,3.641E+3,3.594E+3,7.851E-1,
3.8E07,3.626E+3,3.590E+3,5.950E-1,
3.81E07,3.634E+3,3.587E+3,7.839E-1,
3.82E07,3.560E+3,3.583E+3,-3.913E-1,
3.83E07,3.692E+3,3.580E+3,1.844E+0,
3.84E07,3.539E+3,3.577E+3,-6.327E-1,
3.85E07,3.581E+3,3.573E+3,1.282E-1,
3.86E07,3.692E+3,3.570E+3,2.007E+0,
3.87E07,3.545E+3,3.567E+3,-3.658E-1,
3.88E07,3.596E+3,3.564E+3,5.412E-1,
3.89E07,3.496E+3,3.560E+3,-1.088E+0,
3.9E07,3.455E+3,3.557E+3,-1.738E+0,
3.91E07,3.626E+3,3.554E+3,1.196E+0,
3.92E07,3.557E+3,3.551E+3,1.026E-1,
3.93E07,3.568E+3,3.548E+3,3.385E-1,
3.94E07,3.655E+3,3.545E+3,1.824E+0,
3.95E07,3.463E+3,3.542E+3,-1.337E+0,
3.96E07,3.611E+3,3.539E+3,1.204E+0,
3.97E07,3.596E+3,3.536E+3,1.007E+0,
3.98E07,3.491E+3,3.533E+3,-7.050E-1,
3.99E07,3.520E+3,3.530E+3,-1.635E-1,
4E07,3.550E+3,3.527E+3,3.898E-1,
4.01E07,3.507E+3,3.524E+3,-2.849E-1,
4.02E07,3.616E+3,3.521E+3,1.580E+0,
4.03E07,3.459E+3,3.518E+3,-1.006E+0,
4.04E07,3.602E+3,3.515E+3,1.445E+0,
4.05E07,3.548E+3,3.512E+3,5.960E-1,
4.06E07,3.519E+3,3.510E+3,1.566E-1,
4.07E07,3.527E+3,3.507E+3,3.376E-1,
4.08E07,3.434E+3,3.504E+3,-1.198E+0,
4.09E07,3.436E+3,3.501E+3,-1.117E+0,
4.1E07,3.548E+3,3.499E+3,8.260E-1,
4.11E07,3.496E+3,3.496E+3,-2.131E-3,
4.12E07,3.498E+3,3.493E+3,7.650E-2,
4.13E07,3.461E+3,3.491E+3,-5.073E-1,
4.14E07,3.492E+3,3.488E+3,6.363E-2,
4.15E07,3.415E+3,3.486E+3,-1.209E+0,
4.16E07,3.458E+3,3.483E+3,-4.267E-1,
4.17E07,3.399E+3,3.481E+3,-1.399E+0,
4.18E07,3.417E+3,3.478E+3,-1.044E+0,
4.19E07,3.361E+3,3.476E+3,-1.975E+0,
4.2E07,3.487E+3,3.473E+3,2.364E-1,
4.21E07,3.492E+3,3.471E+3,3.624E-1,
4.22E07,3.396E+3,3.468E+3,-1.238E+0,
4.23E07,3.493E+3,3.466E+3,4.615E-1,
4.24E07,3.435E+3,3.463E+3,-4.832E-1,
4.25E07,3.449E+3,3.461E+3,-2.033E-1,
4.26E07,3.485E+3,3.459E+3,4.475E-1,
4.27E07,3.415E+3,3.456E+3,-7.057E-1,
4.28E07,3.462E+3,3.454E+3,1.374E-1,
4.29E07,3.495E+3,3.452E+3,7.339E-1,
4.3E07,3.586E+3,3.449E+3,2.282E+0,
4.31E07,3.467E+3,3.447E+3,3.385E-1,
4.32E07,3.419E+3,3.445E+3,-4.416E-1,
4.33E07,3.432E+3,3.443E+3,-1.808E-1,
4.34E07,3.414E+3,3.440E+3,-4.515E-1,
4.35E07,3.415E+3,3.438E+3,-3.969E-1,
4.36E07,3.474E+3,3.436E+3,6.444E-1,
4.37E07,3.458E+3,3.434E+3,4.105E-1,
4.38E07,3.383E+3,3.432E+3,-8.377E-1,
4.39E07,3.435E+3,3.430E+3,9.205E-2,
4.4E07,3.500E+3,3.428E+3,1.225E+0,
4.41E07,3.469E+3,3.425E+3,7.400E-1,
4.42E07,3.400E+3,3.423E+3,-4.004E-1,
4.43E07,3.448E+3,3.421E+3,4.547E-1,
4.44E07,3.330E+3,3.419E+3,-1.547E+0,
4.45E07,3.463E+3,3.417E+3,7.775E-1,
4.46E07,3.472E+3,3.415E+3,9.632E-1,
4.47E07,3.450E+3,3.413E+3,6.255E-1,
4.48E07,3.346E+3,3.411E+3,-1.129E+0,
4.49E07,3.354E+3,3.409E+3,-9.556E-1,
4.5E07,3.440E+3,3.407E+3,5.557E-1,
4.51E07,3.402E+3,3.405E+3,-5.976E-2,
4.52E07,3.440E+3,3.404E+3,6.209E-1,
4.53E07,3.396E+3,3.402E+3,-9.770E-2,
4.54E07,3.401E+3,3.400E+3,2.022E-2,
4.55E07,3.405E+3,3.398E+3,1.206E-1,
4.56E07,3.445E+3,3.396E+3,8.328E-1,
4.57E07,3.431E+3,3.394E+3,6.266E-1,
4.58E07,3.432E+3,3.392E+3,6.745E-1,
4.59E07,3.432E+3,3.391E+3,7.052E-1,
4.6E07,3.464E+3,3.389E+3,1.276E+0,
4.61E07,3.431E+3,3.387E+3,7.488E-1,
4.62E07,3.412E+3,3.385E+3,4.557E-1,
4.63E07,3.413E+3,3.384E+3,5.025E-1,
4.64E07,3.432E+3,3.382E+3,8.548E-1,
4.65E07,3.368E+3,3.380E+3,-2.104E-1,
4.66E07,3.368E+3,3.379E+3,-1.812E-1,
4.67E07,3.350E+3,3.377E+3,-4.636E-1,
4.68E07,3.485E+3,3.375E+3,1.861E+0,
4.69E07,3.389E+3,3.374E+3,2.661E-1,
4.7E07,3.305E+3,3.372E+3,-1.163E+0,
4.71E07,3.354E+3,3.370E+3,-2.805E-1,
4.72E07,3.472E+3,3.369E+3,1.754E+0,
4.73E07,3.322E+3,3.367E+3,-7.813E-1,
4.74E07,3.300E+3,3.365E+3,-1.139E+0,
4.75E07,3.319E+3,3.364E+3,-7.788E-1,
4.76E07,3.410E+3,3.362E+3,8.167E-1,
4.77E07,3.276E+3,3.361E+3,-1.481E+0,
4.78E07,3.340E+3,3.359E+3,-3.326E-1,
4.79E07,3.415E+3,3.358E+3,9.805E-1,
4.8E07,3.249E+3,3.356E+3,-1.881E+0,
4.81E07,3.349E+3,3.355E+3,-9.835E-2,
4.82E07,3.518E+3,3.353E+3,2.778E+0,
4.83E07,3.377E+3,3.352E+3,4.348E-1,
4.84E07,3.436E+3,3.350E+3,1.463E+0,
4.85E07,3.396E+3,3.349E+3,8.096E-1,
4.86E07,3.354E+3,3.347E+3,1.142E-1,
4.87E07,3.383E+3,3.346E+3,6.368E-1,
4.88E07,3.324E+3,3.345E+3,-3.564E-1,
4.89E07,3.354E+3,3.343E+3,1.875E-1,
4.9E07,3.366E+3,3.342E+3,4.179E-1,
4.91E07,3.268E+3,3.340E+3,-1.266E+0,
4.92E07,3.353E+3,3.339E+3,2.417E-1,
4.93E07,3.404E+3,3.338E+3,1.137E+0,
4.94E07,3.357E+3,3.336E+3,3.572E-1,
4.95E07,3.244E+3,3.335E+3,-1.597E+0,
4.96E07,3.260E+3,3.334E+3,-1.290E+0,
4.97E07,3.336E+3,3.332E+3,6.345E-2,
4.98E07,3.292E+3,3.331E+3,-6.803E-1,
4.99E07,3.413E+3,3.330E+3,1.425E+0,
5E07,3.278E+3,3.328E+3,-8.814E-1,
5.01E07,3.352E+3,3.327E+3,4.285E-1,
5.02E07,3.296E+3,3.326E+3,-5.214E-1,
5.03E07,3.312E+3,3.325E+3,-2.204E-1,
5.04E07,3.329E+3,3.323E+3,9.625E-2,
5.05E07,3.375E+3,3.322E+3,9.085E-1,
5.06E07,3.321E+3,3.321E+3,0.000E+0,
5.07E07,3.291E+3,3.320E+3,-5.019E-1,
5.08E07,3.347E+3,3.319E+3,4.910E-1,
5.09E07,3.397E+3,3.317E+3,1.366E+0,
5.1E07,3.323E+3,3.316E+3,1.175E-1,
5.11E07,3.261E+3,3.315E+3,-9.466E-1,
5.12E07,3.223E+3,3.314E+3,-1.601E+0,
5.13E07,3.311E+3,3.313E+3,-3.040E-2,
5.14E07,3.412E+3,3.312E+3,1.719E+0,
5.15E07,3.313E+3,3.310E+3,4.382E-2,
5.16E07,3.400E+3,3.309E+3,1.555E+0,
5.17E07,3.340E+3,3.308E+3,5.495E-1,
5.18E07,3.211E+3,3.307E+3,-1.697E+0,
5.19E07,3.302E+3,3.306E+3,-7.043E-2,
5.2E07,3.273E+3,3.305E+3,-5.587E-1,
5.21E07,3.378E+3,3.304E+3,1.275E+0,
5.22E07,3.310E+3,3.303E+3,1.248E-1,
5.23E07,3.313E+3,3.302E+3,1.953E-1,
5.24E07,3.367E+3,3.301E+3,1.142E+0,
5.25E07,3.281E+3,3.300E+3,-3.259E-1,
5.26E07,3.362E+3,3.299E+3,1.093E+0,
5.27E07,3.330E+3,3.298E+3,5.612E-1,
5.28E07,3.384E+3,3.297E+3,1.502E+0,
5.29E07,3.250E+3,3.296E+3,-7.997E-1,
5.3E07,3.235E+3,3.295E+3,-1.048E+0,
5.31E07,3.329E+3,3.294E+3,6.135E-1,
5.32E07,3.357E+3,3.293E+3,1.111E+0,
5.33E07,3.271E+3,3.292E+3,-3.610E-1,
5.34E07,3.326E+3,3.291E+3,6.125E-1,
5.35E07,3.266E+3,3.290E+3,-4.150E-1,
5.36E07,3.275E+3,3.289E+3,-2.406E-1,
5.37E07,3.284E+3,3.288E+3,-6.677E-2,
5.38E07,3.313E+3,3.287E+3,4.536E-1,
5.39E07,3.248E+3,3.286E+3,-6.661E-1,
5.4E07,3.326E+3,3.285E+3,7.102E-1,
5.41E07,3.304E+3,3.284E+3,3.456E-1,
5.42E07,3.303E+3,3.283E+3,3.440E-1,
5.43E07,3.306E+3,3.282E+3,4.117E-1,
5.44E07,3.377E+3,3.281E+3,1.644E+0,
5.45E07,3.279E+3,3.281E+3,-2.722E-2,
5.46E07,3.234E+3,3.280E+3,-8.033E-1,
5.47E07,3.286E+3,3.279E+3,1.253E-1,
5.48E07,3.217E+3,3.278E+3,-1.075E+0,
5.49E07,3.162E+3,3.277E+3,-2.047E+0,
5.5E07,3.252E+3,3.276E+3,-4.253E-1,
5.51E07,3.299E+3,3.275E+3,4.106E-1,
5.52E07,3.153E+3,3.275E+3,-2.165E+0,
5.53E07,3.219E+3,3.274E+3,-9.651E-1,
5.54E07,3.244E+3,3.273E+3,-5.081E-1,
5.55E07,3.217E+3,3.272E+3,-9.719E-1,
5.56E07,3.302E+3,3.271E+3,5.339E-1,
5.57E07,3.283E+3,3.271E+3,2.178E-1,
5.58E07,3.266E+3,3.270E+3,-6.524E-2,
5.59E07,3.292E+3,3.269E+3,4.019E-1,
5.6E07,3.297E+3,3.268E+3,5.022E-1,
5.61E07,3.162E+3,3.267E+3,-1.874E+0,
5.62E07,3.191E+3,3.267E+3,-1.339E+0,
5.63E07,3.307E+3,3.266E+3,7.153E-1,
5.64E07,3.273E+3,3.265E+3,1.379E-1,
5.65E07,3.246E+3,3.264E+3,-3.223E-1,
5.66E07,3.360E+3,3.264E+3,1.663E+0,
5.67E07,3.288E+3,3.263E+3,4.380E-1,
5.68E07,3.153E+3,3.262E+3,-1.944E+0,
5.69E07,3.268E+3,3.261E+3,1.149E-1,
5.7E07,3.156E+3,3.261E+3,-1.864E+0,
5.71E07,3.366E+3,3.260E+3,1.827E+0,
5.72E07,3.329E+3,3.259E+3,1.208E+0,
5.73E07,3.332E+3,3.259E+3,1.272E+0,
5.74E07,3.285E+3,3.258E+3,4.728E-1,
5.75E07,3.237E+3,3.257E+3,-3.553E-1,
5.76E07,3.173E+3,3.257E+3,-1.483E+0,
5.77E07,3.259E+3,3.256E+3,5.512E-2,
5.78E07,3.220E+3,3.255E+3,-6.200E-1,
5.79E07,3.362E+3,3.255E+3,1.854E+0,
5.8E07,3.226E+3,3.254E+3,-4.904E-1,
5.81E07,3.361E+3,3.253E+3,1.859E+0,
5.82E07,3.205E+3,3.253E+3,-8.399E-1,
5.83E07,3.205E+3,3.252E+3,-8.285E-1,
5.84E07,3.270E+3,3.251E+3,3.276E-1,
5.85E07,3.268E+3,3.251E+3,3.038E-1,
5.86E07,3.311E+3,3.250E+3,1.060E+0,
5.87E07,3.238E+3,3.249E+3,-2.000E-1,
5.88E07,3.269E+3,3.249E+3,3.540E-1,
5.89E07,3.305E+3,3.248E+3,9.889E-1,
5.9E07,3.178E+3,3.248E+3,-1.234E+0,
5.91E07,3.222E+3,3.247E+3,-4.393E-1,
5.92E07,3.352E+3,3.246E+3,1.825E+0,
5.93E07,3.279E+3,3.246E+3,5.807E-1,
5.94E07,3.216E+3,3.245E+3,-5.142E-1,
5.95E07,3.244E+3,3.245E+3,-1.009E-2,
5.96E07,3.232E+3,3.244E+3,-2.110E-1,
5.97E07,3.242E+3,3.243E+3,-2.497E-2,
5.98E07,3.325E+3,3.243E+3,1.425E+0,
5.99E07,3.278E+3,3.242E+3,6.237E-1,
6E07,3.194E+3,3.242E+3,-8.445E-1,
6.01E07,3.328E+3,3.241E+3,1.505E+0,
6.02E07,3.203E+3,3.241E+3,-6.648E-1,
6.03E07,3.232E+3,3.240E+3,-1.421E-1,
6.04E07,3.294E+3,3.240E+3,9.490E-1,
6.05E07,3.232E+3,3.239E+3,-1.231E-1,
6.06E07,3.241E+3,3.238E+3,4.454E-2,
6.07E07,3.172E+3,3.238E+3,-1.171E+0,
6.08E07,3.249E+3,3.237E+3,2.033E-1,
6.09E07,3.297E+3,3.237E+3,1.047E+0,
6.1E07,3.196E+3,3.236E+3,-7.142E-1,
6.11E07,3.270E+3,3.236E+3,5.969E-1,
6.12E07,3.142E+3,3.235E+3,-1.666E+0,
6.13E07,3.204E+3,3.235E+3,-5.451E-1,
6.14E07,3.251E+3,3.234E+3,2.919E-1,
6.15E07,3.249E+3,3.234E+3,2.656E-1,
6.16E07,3.209E+3,3.233E+3,-4.302E-1,
6.17E07,3.162E+3,3.233E+3,-1.261E+0,
6.18E07,3.229E+3,3.232E+3,-5.988E-2,
6.19E07,3.290E+3,3.232E+3,1.012E+0,
6.2E07,3.302E+3,3.231E+3,1.228E+0,
6.21E07,3.276E+3,3.231E+3,7.866E-1,
6.22E07,3.355E+3,3.231E+3,2.149E+0,
6.23E07,3.202E+3,3.230E+3,-4.957E-1,
6.24E07,3.218E+3,3.230E+3,-2.043E-1,
6.25E07,3.207E+3,3.229E+3,-3.909E-1,
6.26E07,3.283E+3,3.229E+3,9.480E-1,
6.27E07,3.180E+3,3.228E+3,-8.554E-1,
6.28E07,3.186E+3,3.228E+3,-7.404E-1,
6.29E07,3.236E+3,3.227E+3,1.520E-1,
6.3E07,3.302E+3,3.227E+3,1.307E+0,
6.31E07,3.107E+3,3.226E+3,-2.144E+0,
6.32E07,3.211E+3,3.226E+3,-2.656E-1,
6.33E07,3.230E+3,3.226E+3,7.698E-2,
6.34E07,3.137E+3,3.225E+3,-1.575E+0,
6.35E07,3.289E+3,3.225E+3,1.120E+0,
6.36E07,3.170E+3,3.224E+3,-9.656E-1,
6.37E07,3.258E+3,3.224E+3,5.964E-1,
6.38E07,3.216E+3,3.224E+3,-1.331E-1,
6.39E07,3.243E+3,3.223E+3,3.487E-1,
64000005.000000,3.226E+3,3.223E+3,5.742E-2,
64100005.000000,3.203E+3,3.222E+3,-3.417E-1,
64200005.000000,3.226E+3,3.222E+3,7.141E-2,
64300005.000000,3.297E+3,3.222E+3,1.314E+0,
64400005.000000,3.256E+3,3.221E+3,6.105E-1,
64500005.000000,3.271E+3,3.221E+3,8.781E-1,
64600005.000000,3.184E+3,3.220E+3,-6.450E-1,
64700005.000000,3.258E+3,3.220E+3,6.655E-1,
64800005.000000,3.195E+3,3.220E+3,-4.359E-1,
64900005.000000,3.333E+3,3.219E+3,1.970E+0,
65000005.000000,3.134E+3,3.219E+3,-1.516E+0,
65100005.000000,3.286E+3,3.219E+3,1.177E+0,
65200005.000000,3.207E+3,3.218E+3,-1.971E-1,
65300005.000000,3.347E+3,3.218E+3,2.233E+0,
65400005.000000,3.315E+3,3.217E+3,1.694E+0,
65500005.000000,3.127E+3,3.217E+3,-1.611E+0,
65600005.000000,3.257E+3,3.217E+3,7.055E-1,
65700005.000000,3.208E+3,3.216E+3,-1.481E-1,
65800005.000000,3.340E+3,3.216E+3,2.145E+0,
65900005.000000,3.077E+3,3.216E+3,-2.500E+0,
66000005.000000,3.156E+3,3.215E+3,-1.057E+0,
66100005.000000,3.114E+3,3.215E+3,-1.810E+0,
66200005.000000,3.298E+3,3.215E+3,1.451E+0,
66300005.000000,3.192E+3,3.214E+3,-3.956E-1,
66400005.000000,3.232E+3,3.214E+3,3.163E-1,
66500005.000000,3.178E+3,3.214E+3,-6.331E-1,
66600005.000000,3.159E+3,3.213E+3,-9.673E-1,
66700005.000000,3.244E+3,3.213E+3,5.435E-1,
66800005.000000,3.228E+3,3.213E+3,2.688E-1,
66900005.000000,3.241E+3,3.212E+3,5.022E-1,
67000005.000000,3.224E+3,3.212E+3,2.096E-1,
67100005.000000,3.138E+3,3.212E+3,-1.317E+0,
67200005.000000,3.221E+3,3.211E+3,1.678E-1,
67300005.000000,3.164E+3,3.211E+3,-8.386E-1,
67400005.000000,3.333E+3,3.211E+3,2.116E+0,
67500005.000000,3.270E+3,3.211E+3,1.039E+0,
67600005.000000,3.221E+3,3.210E+3,1.891E-1,
67700005.000000,3.090E+3,3.210E+3,-2.158E+0,
67800005.000000,3.181E+3,3.210E+3,-5.085E-1,
67900005.000000,3.264E+3,3.209E+3,9.559E-1,
68000005.000000,3.250E+3,3.209E+3,7.175E-1,
68100005.000000,3.177E+3,3.209E+3,-5.644E-1,
68200005.000000,3.240E+3,3.209E+3,5.529E-1,
68300005.000000,3.189E+3,3.208E+3,-3.408E-1,
68400005.000000,3.295E+3,3.208E+3,1.516E+0,
68500005.000000,3.200E+3,3.208E+3,-1.359E-1,
68600005.000000,3.148E+3,3.207E+3,-1.059E+0,
68700005.000000,3.159E+3,3.207E+3,-8.565E-1,
68800005.000000,3.220E+3,3.207E+3,2.314E-1,
68900005.000000,3.310E+3,3.207E+3,1.797E+0,
69000005.000000,3.184E+3,3.206E+3,-3.958E-1,
69100005.000000,3.163E+3,3.206E+3,-7.659E-1,
69200005.000000,3.199E+3,3.206E+3,-1.204E-1,
69300005.000000,3.167E+3,3.206E+3,-6.850E-1,
69400005.000000,3.249E+3,3.205E+3,7.668E-1,
69500005.000000,3.158E+3,3.205E+3,-8.370E-1,
69600005.000000,3.266E+3,3.205E+3,1.071E+0,
69700005.000000,3.226E+3,3.205E+3,3.779E-1,
69800005.000000,3.162E+3,3.204E+3,-7.520E-1,
69900005.000000,3.075E+3,3.204E+3,-2.327E+0,
70000005.000000,3.266E+3,3.204E+3,1.088E+0,
70100005.000000,3.292E+3,3.204E+3,1.542E+0,
70200005.000000,3.214E+3,3.203E+3,1.886E-1,
70300005.000000,3.108E+3,3.203E+3,-1.705E+0,
70400006.000000,3.177E+3,3.203E+3,-4.583E-1,
70500006.000000,3.151E+3,3.203E+3,-9.192E-1,
70600006.000000,3.143E+3,3.202E+3,-1.059E+0,
70700006.000000,3.171E+3,3.202E+3,-5.529E-1,
70800006.000000,3.152E+3,3.202E+3,-8.889E-1,
70900006.000000,3.139E+3,3.202E+3,-1.119E+0,
71000006.000000,3.201E+3,3.201E+3,-8.009E-3,
71100006.000000,3.219E+3,3.201E+3,3.132E-1,
71200006.000000,3.280E+3,3.201E+3,1.379E+0,
71300006.000000,3.226E+3,3.201E+3,4.439E-1,
71400006.000000,3.260E+3,3.201E+3,1.041E+0,
71500006.000000,3.103E+3,3.200E+3,-1.748E+0,
71600006.000000,3.074E+3,3.200E+3,-2.275E+0,
71700006.000000,3.276E+3,3.200E+3,1.329E+0,
71800006.000000,3.307E+3,3.200E+3,1.866E+0,
71900006.000000,3.231E+3,3.200E+3,5.541E-1,
72000006.000000,3.257E+3,3.199E+3,1.011E+0,
72100006.000000,3.130E+3,3.199E+3,-1.235E+0,
72200006.000000,3.188E+3,3.199E+3,-1.928E-1,
72300006.000000,3.187E+3,3.199E+3,-2.070E-1,
72400006.000000,3.164E+3,3.198E+3,-6.131E-1,
72500006.000000,3.150E+3,3.198E+3,-8.603E-1,
72600006.000000,3.136E+3,3.198E+3,-1.109E+0,
72700006.000000,3.134E+3,3.198E+3,-1.141E+0,
72800006.000000,3.295E+3,3.198E+3,1.695E+0,
72900006.000000,3.143E+3,3.198E+3,-9.722E-1,
73000006.000000,3.228E+3,3.197E+3,5.401E-1,
73100006.000000,3.166E+3,3.197E+3,-5.532E-1,
73200006.000000,3.111E+3,3.197E+3,-1.541E+0,
73300006.000000,3.190E+3,3.197E+3,-1.195E-1,
73400006.000000,3.172E+3,3.197E+3,-4.362E-1,
73500006.000000,3.232E+3,3.196E+3,6.265E-1,
73600006.000000,3.143E+3,3.196E+3,-9.490E-1,
73700006.000000,3.232E+3,3.196E+3,6.329E-1,
73800006.000000,3.251E+3,3.196E+3,9.674E-1,
73900006.000000,3.170E+3,3.196E+3,-4.558E-1,
74000006.000000,3.280E+3,3.195E+3,1.476E+0,
74100006.000000,3.243E+3,3.195E+3,8.374E-1,
74200006.000000,3.129E+3,3.195E+3,-1.182E+0,
74300006.000000,3.287E+3,3.195E+3,1.605E+0,
74400006.000000,3.197E+3,3.195E+3,3.893E-2,
74500006.000000,3.106E+3,3.195E+3,-1.590E+0,
74600006.000000,3.229E+3,3.194E+3,6.078E-1,
74700006.000000,3.244E+3,3.194E+3,8.727E-1,
74800006.000000,3.195E+3,3.194E+3,1.535E-2,
74900006.000000,3.207E+3,3.194E+3,2.301E-1,
75000006.000000,3.247E+3,3.194E+3,9.335E-1,
75100006.000000,3.145E+3,3.194E+3,-8.674E-1,
75200006.000000,3.149E+3,3.193E+3,-7.928E-1,
75300006.000000,3.274E+3,3.193E+3,1.410E+0,
75400006.000000,3.285E+3,3.193E+3,1.602E+0,
75500006.000000,3.090E+3,3.193E+3,-1.853E+0,
75600006.000000,3.271E+3,3.193E+3,1.366E+0,
75700006.000000,3.172E+3,3.193E+3,-3.677E-1,
75800006.000000,3.244E+3,3.193E+3,9.032E-1,
75900006.000000,3.173E+3,3.192E+3,-3.445E-1,
76000006.000000,3.232E+3,3.192E+3,6.990E-1,
76100006.000000,3.121E+3,3.192E+3,-1.273E+0,
76200006.000000,3.208E+3,3.192E+3,2.831E-1,
76300006.000000,3.192E+3,3.192E+3,3.202E-3,
76400006.000000,3.179E+3,3.192E+3,-2.248E-1,
76500006.000000,3.197E+3,3.192E+3,9.671E-2,
76600006.000000,3.154E+3,3.191E+3,-6.658E-1,
76700006.000000,3.204E+3,3.191E+3,2.253E-1,
76800006.000000,3.213E+3,3.191E+3,3.862E-1,
76900006.000000,3.198E+3,3.191E+3,1.243E-1,
77000006.000000,3.197E+3,3.191E+3,1.091E-1,
77100006.000000,3.176E+3,3.191E+3,-2.608E-1,
77200006.000000,3.205E+3,3.191E+3,2.550E-1,
77300006.000000,3.085E+3,3.190E+3,-1.898E+0,
77400006.000000,3.184E+3,3.190E+3,-1.116E-1,
77500006.000000,3.151E+3,3.190E+3,-6.977E-1,
77600006.000000,3.124E+3,3.190E+3,-1.181E+0,
77700006.000000,3.183E+3,3.190E+3,-1.224E-1,
77800006.000000,3.172E+3,3.190E+3,-3.156E-1,
77900006.000000,3.159E+3,3.190E+3,-5.453E-1,
78000006.000000,3.169E+3,3.190E+3,-3.646E-1,
78100006.000000,3.159E+3,3.189E+3,-5.408E-1,
78200006.000000,3.069E+3,3.189E+3,-2.171E+0,
78300006.000000,3.172E+3,3.189E+3,-3.045E-1,
78400006.000000,3.203E+3,3.189E+3,2.469E-1,
78500006.000000,3.130E+3,3.189E+3,-1.053E+0,
78600006.000000,3.133E+3,3.189E+3,-9.966E-1,
78700006.000000,3.089E+3,3.189E+3,-1.793E+0,
78800006.000000,3.219E+3,3.189E+3,5.367E-1,
78900006.000000,3.203E+3,3.188E+3,2.574E-1,
79000006.000000,3.162E+3,3.188E+3,-4.680E-1,
79100006.000000,3.123E+3,3.188E+3,-1.167E+0,
79200006.000000,3.158E+3,3.188E+3,-5.353E-1,
79300006.000000,3.168E+3,3.188E+3,-3.548E-1,
79400006.000000,3.239E+3,3.188E+3,8.986E-1,
79500006.000000,3.222E+3,3.188E+3,6.034E-1,
79600006.000000,3.249E+3,3.188E+3,1.077E+0,
79700006.000000,3.171E+3,3.188E+3,-2.935E-1,
79800006.000000,3.200E+3,3.187E+3,2.224E-1,
79900006.000000,3.167E+3,3.187E+3,-3.609E-1,
80000006.000000,3.207E+3,3.187E+3,3.496E-1,
80100006.000000,3.174E+3,3.187E+3,-2.325E-1,
80200006.000000,3.227E+3,3.187E+3,7.043E-1,
80300006.000000,3.222E+3,3.187E+3,6.186E-1,
80400006.000000,3.241E+3,3.187E+3,9.524E-1,
80500006.000000,3.164E+3,3.187E+3,-4.032E-1,
80600006.000000,3.177E+3,3.187E+3,-1.699E-1,
80700006.000000,3.188E+3,3.186E+3,2.697E-2,
80800006.000000,3.255E+3,3.186E+3,1.203E+0,
80900006.000000,3.207E+3,3.186E+3,3.659E-1,
81000006.000000,3.192E+3,3.186E+3,1.030E-1,
81100006.000000,3.197E+3,3.186E+3,1.931E-1,
81200006.000000,3.122E+3,3.186E+3,-1.145E+0,
81300006.000000,3.119E+3,3.186E+3,-1.198E+0,
81400006.000000,3.194E+3,3.186E+3,1.452E-1,
81500006.000000,3.181E+3,3.186E+3,-8.329E-2,
81600006.000000,3.192E+3,3.186E+3,1.132E-1,
81700006.000000,3.295E+3,3.186E+3,1.907E+0,
81800006.000000,3.212E+3,3.185E+3,4.690E-1,
81900006.000000,3.121E+3,3.185E+3,-1.151E+0,
82000006.000000,3.242E+3,3.185E+3,9.969E-1,
82100006.000000,3.161E+3,3.185E+3,-4.295E-1,
82200006.000000,3.163E+3,3.185E+3,-3.922E-1,
82300006.000000,3.235E+3,3.185E+3,8.796E-1,
82400006.000000,3.193E+3,3.185E+3,1.437E-1,
82500006.000000,3.213E+3,3.185E+3,4.976E-1,
82600006.000000,3.164E+3,3.185E+3,-3.681E-1,
82700006.000000,3.214E+3,3.185E+3,5.182E-1,
82800006.000000,3.153E+3,3.185E+3,-5.616E-1,
82900006.000000,3.158E+3,3.184E+3,-4.707E-1,
83000006.000000,3.169E+3,3.184E+3,-2.730E-1,
83100006.000000,3.287E+3,3.184E+3,1.792E+0,
83200007.000000,3.142E+3,3.184E+3,-7.529E-1,
83300007.000000,3.177E+3,3.184E+3,-1.264E-1,
83400007.000000,3.189E+3,3.184E+3,8.781E-2,
83500007.000000,3.198E+3,3.184E+3,2.483E-1,
83600007.000000,3.245E+3,3.184E+3,1.073E+0,
83700007.000000,3.129E+3,3.184E+3,-9.797E-1,
83800007.000000,3.164E+3,3.184E+3,-3.507E-1,
83900007.000000,3.147E+3,3.184E+3,-6.533E-1,
84000007.000000,3.211E+3,3.184E+3,4.841E-1,
84100007.000000,3.263E+3,3.183E+3,1.392E+0,
84200007.000000,3.156E+3,3.183E+3,-4.881E-1,
84300007.000000,3.236E+3,3.183E+3,9.257E-1,
84400007.000000,3.140E+3,3.183E+3,-7.722E-1,
84500007.000000,3.156E+3,3.183E+3,-4.841E-1,
84600007.000000,3.221E+3,3.183E+3,6.674E-1,
84700007.000000,3.067E+3,3.183E+3,-2.095E+0,
84800007.000000,3.182E+3,3.183E+3,-1.732E-2,
84900007.000000,3.247E+3,3.183E+3,1.125E+0,
85000007.000000,3.142E+3,3.183E+3,-7.285E-1,
85100007.000000,3.155E+3,3.183E+3,-4.943E-1,
85200007.000000,3.107E+3,3.183E+3,-1.358E+0,
85300007.000000,3.239E+3,3.183E+3,9.905E-1,
85400007.000000,3.220E+3,3.183E+3,6.598E-1,
85500007.000000,3.158E+3,3.182E+3,-4.358E-1,
85600007.000000,3.159E+3,3.182E+3,-4.167E-1,
85700007.000000,3.152E+3,3.182E+3,-5.407E-1,
85800007.000000,3.125E+3,3.182E+3,-1.025E+0,
85900007.000000,3.233E+3,3.182E+3,8.930E-1,
86000007.000000,3.209E+3,3.182E+3,4.738E-1,
86100007.000000,3.225E+3,3.182E+3,7.555E-1,
86200007.000000,3.132E+3,3.182E+3,-8.939E-1,
86300007.000000,3.195E+3,3.182E+3,2.306E-1,
86400007.000000,3.211E+3,3.182E+3,5.135E-1,
86500007.000000,3.044E+3,3.182E+3,-2.498E+0,
86600007.000000,3.186E+3,3.182E+3,7.481E-2,
86700007.000000,3.213E+3,3.182E+3,5.519E-1,
86800007.000000,3.100E+3,3.182E+3,-1.467E+0,
86900007.000000,3.172E+3,3.182E+3,-1.704E-1,
87000007.000000,3.136E+3,3.182E+3,-8.131E-1,
87100007.000000,3.190E+3,3.181E+3,1.509E-1,
87200007.000000,3.101E+3,3.181E+3,-1.444E+0,
87300007.000000,3.227E+3,3.181E+3,8.035E-1,
87400007.000000,3.116E+3,3.181E+3,-1.170E+0,
87500007.000000,3.200E+3,3.181E+3,3.316E-1,
87600007.000000,3.149E+3,3.181E+3,-5.735E-1,
87700007.000000,3.254E+3,3.181E+3,1.277E+0,
87800007.000000,3.210E+3,3.181E+3,5.106E-1,
87900007.000000,3.172E+3,3.181E+3,-1.601E-1,
88000007.000000,3.139E+3,3.181E+3,-7.489E-1,
88100007.000000,3.135E+3,3.181E+3,-8.199E-1,
88200007.000000,3.222E+3,3.181E+3,7.249E-1,
88300007.000000,3.167E+3,3.181E+3,-2.452E-1,
88400007.000000,3.141E+3,3.181E+3,-7.092E-1,
88500007.000000,3.207E+3,3.181E+3,4.646E-1,
88600007.000000,3.236E+3,3.181E+3,9.732E-1,
88700007.000000,3.136E+3,3.181E+3,-7.962E-1,
88800007.000000,3.147E+3,3.181E+3,-5.978E-1,
88900007.000000,3.232E+3,3.180E+3,9.062E-1,
89000007.000000,3.058E+3,3.180E+3,-2.214E+0,
89100007.000000,3.140E+3,3.180E+3,-7.206E-1,
89200007.000000,3.148E+3,3.180E+3,-5.763E-1,
89300007.000000,3.121E+3,3.180E+3,-1.061E+0,
89400007.000000,3.207E+3,3.180E+3,4.727E-1,
89500007.000000,3.180E+3,3.180E+3,-3.269E-3,
89600007.000000,3.137E+3,3.180E+3,-7.702E-1,
89700007.000000,3.160E+3,3.180E+3,-3.573E-1,
89800007.000000,3.165E+3,3.180E+3,-2.673E-1,
89900007.000000,3.142E+3,3.180E+3,-6.778E-1,
90000007.000000,3.186E+3,3.180E+3,1.073E-1,
90100007.000000,3.155E+3,3.180E+3,-4.433E-1,
90200007.000000,3.136E+3,3.180E+3,-7.831E-1,
90300007.000000,3.105E+3,3.180E+3,-1.343E+0,
90400007.000000,3.153E+3,3.180E+3,-4.766E-1,
90500007.000000,3.108E+3,3.180E+3,-1.286E+0,
90600007.000000,3.159E+3,3.180E+3,-3.678E-1,
90700007.000000,3.250E+3,3.180E+3,1.234E+0,
90800007.000000,3.174E+3,3.180E+3,-9.913E-2,
90900007.000000,3.163E+3,3.180E+3,-2.941E-1,
91000007.000000,3.082E+3,3.179E+3,-1.756E+0,
91100007.000000,3.108E+3,3.179E+3,-1.282E+0,
91200007.000000,3.074E+3,3.179E+3,-1.901E+0,
91300007.000000,3.092E+3,3.179E+3,-1.571E+0,
91400007.000000,3.279E+3,3.179E+3,1.741E+0,
91500007.000000,3.221E+3,3.179E+3,7.350E-1,
91600007.000000,3.188E+3,3.179E+3,1.550E-1,
91700007.000000,3.125E+3,3.179E+3,-9.697E-1,
91800007.000000,3.173E+3,3.179E+3,-1.095E-1,
91900007.000000,3.187E+3,3.179E+3,1.395E-1,
92000007.000000,3.201E+3,3.179E+3,3.873E-1,
92100007.000000,3.200E+3,3.179E+3,3.704E-1,
92200007.000000,3.040E+3,3.179E+3,-2.521E+0,
92300007.000000,3.181E+3,3.179E+3,3.601E-2,
92400007.000000,3.156E+3,3.179E+3,-4.082E-1,
92500007.000000,3.207E+3,3.179E+3,4.963E-1,
92600007.000000,3.279E+3,3.179E+3,1.749E+0,
92700007.000000,3.178E+3,3.179E+3,-1.450E-2,
92800007.000000,3.199E+3,3.179E+3,3.575E-1,
92900007.000000,3.202E+3,3.179E+3,4.110E-1,
93000007.000000,3.200E+3,3.179E+3,3.764E-1,
93100007.000000,3.253E+3,3.179E+3,1.303E+0,
93200007.000000,3.176E+3,3.179E+3,-4.675E-2,
93300007.000000,3.249E+3,3.179E+3,1.235E+0,
93400007.000000,3.103E+3,3.179E+3,-1.357E+0,
93500007.000000,3.247E+3,3.179E+3,1.202E+0,
93600007.000000,3.264E+3,3.178E+3,1.497E+0,
93700007.000000,3.099E+3,3.178E+3,-1.427E+0,
93800007.000000,3.213E+3,3.178E+3,6.100E-1,
93900007.000000,3.272E+3,3.178E+3,1.636E+0,
94000007.000000,3.230E+3,3.178E+3,9.087E-1,
94100007.000000,3.102E+3,3.178E+3,-1.370E+0,
94200007.000000,3.143E+3,3.178E+3,-6.295E-1,
94300007.000000,3.197E+3,3.178E+3,3.315E-1,
94400007.000000,3.158E+3,3.178E+3,-3.599E-1,
94500007.000000,3.183E+3,3.178E+3,8.520E-2,
94600007.000000,3.224E+3,3.178E+3,8.073E-1,
94700007.000000,3.153E+3,3.178E+3,-4.475E-1,
94800007.000000,3.221E+3,3.178E+3,7.559E-1,
94900007.000000,3.137E+3,3.178E+3,-7.332E-1,
95000007.000000,3.267E+3,3.178E+3,1.556E+0,
95100007.000000,3.080E+3,3.178E+3,-1.766E+0,
95200007.000000,3.152E+3,3.178E+3,-4.627E-1,
95300007.000000,3.069E+3,3.178E+3,-1.967E+0,
95400007.000000,3.240E+3,3.178E+3,1.091E+0,
95500007.000000,3.174E+3,3.178E+3,-6.895E-2,
95600007.000000,3.089E+3,3.178E+3,-1.599E+0,
95700007.000000,3.148E+3,3.178E+3,-5.316E-1,
95800007.000000,3.124E+3,3.178E+3,-9.625E-1,
95900007.000000,3.167E+3,3.178E+3,-1.913E-1,
96000008.000000,3.189E+3,3.178E+3,1.994E-1,
96100008.000000,3.078E+3,3.178E+3,-1.797E+0,
96200008.000000,3.154E+3,3.178E+3,-4.217E-1,
96300008.000000,3.184E+3,3.178E+3,1.124E-1,
96400008.000000,3.278E+3,3.178E+3,1.753E+0,
96500008.000000,3.197E+3,3.178E+3,3.431E-1,
96600008.000000,3.203E+3,3.178E+3,4.493E-1,
96700008.000000,3.302E+3,3.178E+3,2.166E+0,
96800008.000000,3.136E+3,3.178E+3,-7.414E-1,
96900008.000000,3.343E+3,3.177E+3,2.863E+0,
97000008.000000,3.274E+3,3.177E+3,1.687E+0,
97100008.000000,3.151E+3,3.177E+3,-4.710E-1,
97200008.000000,3.276E+3,3.177E+3,1.722E+0,
97300008.000000,3.175E+3,3.177E+3,-4.241E-2,
97400008.000000,3.030E+3,3.177E+3,-2.677E+0,
97500008.000000,3.056E+3,3.177E+3,-2.195E+0,
97600008.000000,3.206E+3,3.177E+3,5.066E-1,
97700008.000000,3.121E+3,3.177E+3,-1.008E+0,
97800008.000000,3.162E+3,3.177E+3,-2.715E-1,
97900008.000000,3.128E+3,3.177E+3,-8.804E-1,
98000008.000000,3.218E+3,3.177E+3,7.189E-1,
98100008.000000,3.119E+3,3.177E+3,-1.042E+0,
98200008.000000,3.172E+3,3.177E+3,-9.177E-2,
98300008.000000,3.251E+3,3.177E+3,1.295E+0,
98400008.000000,3.167E+3,3.177E+3,-1.799E-1,
98500008.000000,3.125E+3,3.177E+3,-9.320E-1,
98600008.000000,3.058E+3,3.177E+3,-2.153E+0,
98700008.000000,3.194E+3,3.177E+3,2.999E-1,
98800008.000000,3.161E+3,3.177E+3,-2.851E-1,
98900008.000000,3.192E+3,3.177E+3,2.654E-1,
99000008.000000,3.200E+3,3.177E+3,4.068E-1,
99100008.000000,3.149E+3,3.177E+3,-4.983E-1,
99200008.000000,3.115E+3,3.177E+3,-1.110E+0,
99300008.000000,3.151E+3,3.177E+3,-4.617E-1,
99400008.000000,3.216E+3,3.177E+3,6.895E-1,
99500008.000000,3.229E+3,3.177E+3,9.173E-1,
99600008.000000,3.237E+3,3.177E+3,1.057E+0,
99700008.000000,3.208E+3,3.177E+3,5.502E-1,
99800008.000000,3.210E+3,3.177E+3,5.857E-1,
99900008.000000,3.131E+3,3.177E+3,-8.184E-1,
