Labels	Decay10	
Type	Time Scan	
Comment		
Start	0.00	
Stop	99900008.000000	
Step	1E05	
Fixed/Offset	 	
XAxis	Time	
YAxis	Counts	

0.00	3.195E+3	
1E05	3.579E+3	
2E05	4.442E+3	
3E05	5.349E+3	
4E05	6.530E+3	
5E05	7.196E+3	
6E05	8.124E+3	
700000.050000	8.911E+3	
800000.060000	9.880E+3	
900000.070000	1.060E+4	
1E06	1.155E+4	
1.1E06	1.186E+4	
1.2E06	1.172E+4	
1.3E06	1.182E+4	
1.4E06	1.165E+4	
1.5E06	1.171E+4	
1.6E06	1.139E+4	
1.7E06	1.141E+4	
1.8E06	1.146E+4	
1.9E06	1.132E+4	
2E06	1.119E+4	
2.1E06	1.131E+4	
2.2E06	1.119E+4	
2.3E06	1.096E+4	
2.4E06	1.093E+4	
2.5E06	1.089E+4	
2.6E06	1.084E+4	
2.7E06	1.067E+4	
2.8E06	1.075E+4	
2.9E06	1.059E+4	
3E06	1.046E+4	
3.1E06	1.049E+4	
3.2E06	1.042E+4	
3.3E06	1.033E+4	
3.4E06	1.046E+4	
3.5E06	1.030E+4	
3.6E06	1.002E+4	
3.7E06	1.026E+4	
3.8E06	1.003E+4	
3.9E06	1.000E+4	
4E06	1.006E+4	
4.1E06	9.923E+3	
4.2E06	9.860E+3	
4.3E06	9.861E+3	
4.4E06	9.864E+3	
4.5E06	9.552E+3	
4.6E06	9.727E+3	
4.7E06	9.613E+3	
4.8E06	9.691E+3	
4.9E06	9.607E+3	
5E06	9.521E+3	
5.1E06	9.530E+3	
5.2E06	9.423E+3	
5.3E06	9.210E+3	
5.4E06	9.137E+3	
5.5E06	9.107E+3	
5.6E06	9.017E+3	
5.7E06	9.128E+3	
5.8E06	9.107E+3	
5.9E06	9.165E+3	
6E06	8.915E+3	
6.1E06	9.084E+3	
6.2E06	8.824E+3	
6.3E06	8.982E+3	
6400000.500000	8.763E+3	
6500000.500000	8.764E+3	
6600000.500000	8.638E+3	
6700000.500000	8.578E+3	
6800000.500000	8.616E+3	
6900000.500000	8.649E+3	
7000000.500000	8.668E+3	
7100000.600000	8.522E+3	
7200000.600000	8.378E+3	
7300000.600000	8.340E+3	
7400000.600000	8.429E+3	
7500000.600000	8.341E+3	
7600000.600000	8.370E+3	
7700000.600000	8.012E+3	
7800000.600000	8.303E+3	
7900000.600000	8.065E+3	
8000000.600000	8.159E+3	
8100000.600000	8.225E+3	
8200000.600000	8.139E+3	
8300000.600000	7.960E+3	
8400000.700000	7.998E+3	
8500000.700000	7.837E+3	
8600000.700000	7.852E+3	
8700000.700000	7.806E+3	
8800000.700000	7.855E+3	
8900000.700000	7.740E+3	
9000000.700000	7.800E+3	
9100000.700000	7.847E+3	
9200000.700000	7.665E+3	
9300000.700000	7.494E+3	
9400000.700000	7.617E+3	
9500000.700000	7.466E+3	
9600000.800000	7.676E+3	
9700000.800000	7.543E+3	
9800000.800000	7.504E+3	
9900000.800000	7.481E+3	
1E07	7.472E+3	
1.01E07	7.407E+3	
1.02E07	7.216E+3	
1.03E07	7.236E+3	
1.04E07	7.202E+3	
1.05E07	7.300E+3	
1.06E07	7.182E+3	
1.07E07	7.125E+3	
1.08E07	7.240E+3	
1.09E07	7.221E+3	
1.1E07	7.034E+3	
1.11E07	6.988E+3	
1.12E07	6.946E+3	
1.13E07	7.131E+3	
1.14E07	6.918E+3	
1.15E07	6.910E+3	
1.16E07	6.789E+3	
1.17E07	6.979E+3	
1.18E07	6.824E+3	
1.19E07	6.788E+3	
1.2E07	6.949E+3	
1.21E07	6.642E+3	
1.22E07	6.745E+3	
1.23E07	6.604E+3	
1.24E07	6.718E+3	
1.25E07	6.637E+3	
1.26E07	6.500E+3	
1.27E07	6.598E+3	
1.28E07	6.447E+3	
1.29E07	6.619E+3	
1.3E07	6.428E+3	
1.31E07	6.477E+3	
1.32E07	6.600E+3	
1.33E07	6.524E+3	
1.34E07	6.413E+3	
1.35E07	6.371E+3	
1.36E07	6.310E+3	
1.37E07	6.518E+3	
1.38E07	6.407E+3	
1.39E07	6.284E+3	
1.4E07	6.311E+3	
1.41E07	6.142E+3	
1.42E07	6.094E+3	
1.43E07	6.336E+3	
1.44E07	6.224E+3	
1.45E07	6.166E+3	
1.46E07	6.041E+3	
1.47E07	6.109E+3	
1.48E07	5.988E+3	
1.49E07	6.069E+3	
1.5E07	6.115E+3	
1.51E07	5.980E+3	
1.52E07	5.972E+3	
1.53E07	5.859E+3	
1.54E07	6.006E+3	
1.55E07	5.965E+3	
1.56E07	5.840E+3	
1.57E07	5.893E+3	
1.58E07	5.908E+3	
1.59E07	5.829E+3	
1.6E07	5.907E+3	
1.61E07	5.770E+3	
1.62E07	5.984E+3	
1.63E07	5.877E+3	
1.64E07	5.758E+3	
1.65E07	5.692E+3	
1.66E07	5.701E+3	
1.67E07	5.783E+3	
1.68E07	5.662E+3	
1.69E07	5.658E+3	
1.7E07	5.738E+3	
1.71E07	5.557E+3	
1.72E07	5.475E+3	
1.73E07	5.525E+3	
1.74E07	5.525E+3	
1.75E07	5.516E+3	
1.76E07	5.615E+3	
1.77E07	5.544E+3	
1.78E07	5.495E+3	
1.79E07	5.493E+3	
1.8E07	5.480E+3	
1.81E07	5.502E+3	
1.82E07	5.409E+3	
1.83E07	5.301E+3	
1.84E07	5.274E+3	
1.85E07	5.400E+3	
1.86E07	5.362E+3	
1.87E07	5.260E+3	
1.88E07	5.287E+3	
1.89E07	5.303E+3	
1.9E07	5.180E+3	
1.91E07	5.279E+3	
1.92E07	5.271E+3	
1.93E07	5.357E+3	
1.94E07	5.181E+3	
1.95E07	5.165E+3	
1.96E07	5.153E+3	
1.97E07	5.168E+3	
1.98E07	5.111E+3	
1.99E07	5.219E+3	
2E07	5.094E+3	
2.01E07	4.981E+3	
2.02E07	4.974E+3	
2.03E07	5.116E+3	
2.04E07	5.107E+3	
2.05E07	5.112E+3	
2.06E07	5.203E+3	
2.07E07	4.926E+3	
2.08E07	4.995E+3	
2.09E07	5.100E+3	
2.1E07	4.991E+3	
2.11E07	4.853E+3	
2.12E07	5.020E+3	
2.13E07	4.914E+3	
2.14E07	4.964E+3	
2.15E07	4.972E+3	
2.16E07	4.938E+3	
2.17E07	4.924E+3	
2.18E07	4.749E+3	
2.19E07	4.725E+3	
2.2E07	4.893E+3	
2.21E07	4.836E+3	
2.22E07	4.862E+3	
2.23E07	4.905E+3	
2.24E07	4.833E+3	
2.25E07	4.778E+3	
2.26E07	4.699E+3	
2.27E07	4.699E+3	
2.28E07	4.630E+3	
2.29E07	4.775E+3	
2.3E07	4.784E+3	
2.31E07	4.718E+3	
2.32E07	4.669E+3	
2.33E07	4.732E+3	
2.34E07	4.546E+3	
2.35E07	4.671E+3	
2.36E07	4.704E+3	
2.37E07	4.656E+3	
2.38E07	4.501E+3	
2.39E07	4.526E+3	
2.4E07	4.640E+3	
2.41E07	4.510E+3	
2.42E07	4.608E+3	
2.43E07	4.576E+3	
2.44E07	4.520E+3	
2.45E07	4.540E+3	
2.46E07	4.709E+3	
2.47E07	4.499E+3	
2.48E07	4.617E+3	
2.49E07	4.534E+3	
2.5E07	4.488E+3	
2.51E07	4.532E+3	
2.52E07	4.375E+3	
2.53E07	4.473E+3	
2.54E07	4.480E+3	
2.55E07	4.425E+3	
2.56E07	4.345E+3	
2.57E07	4.517E+3	
2.58E07	4.457E+3	
2.59E07	4.313E+3	
2.6E07	4.352E+3	
2.61E07	4.247E+3	
2.62E07	4.482E+3	
2.63E07	4.379E+3	
2.64E07	4.375E+3	
2.65E07	4.385E+3	
2.66E07	4.324E+3	
2.67E07	4.305E+3	
2.68E07	4.213E+3	
2.69E07	4.317E+3	
2.7E07	4.385E+3	
2.71E07	4.285E+3	
2.72E07	4.196E+3	
2.73E07	4.335E+3	
2.74E07	4.136E+3	
2.75E07	4.228E+3	
2.76E07	4.249E+3	
2.77E07	4.303E+3	
2.78E07	4.261E+3	
2.79E07	4.128E+3	
2.8E07	4.169E+3	
2.81E07	4.324E+3	
2.82E07	4.284E+3	
2.83E07	4.140E+3	
2.84E07	4.280E+3	
2.85E07	4.180E+3	
2.86E07	4.172E+3	
2.87E07	4.175E+3	
2.88E07	4.227E+3	
2.89E07	4.197E+3	
2.9E07	4.144E+3	
2.91E07	4.114E+3	
2.92E07	4.292E+3	
2.93E07	4.183E+3	
2.94E07	4.044E+3	
2.95E07	4.129E+3	
2.96E07	4.129E+3	
2.97E07	4.168E+3	
2.98E07	4.212E+3	
2.99E07	4.042E+3	
3E07	4.073E+3	
3.01E07	3.937E+3	
3.02E07	4.063E+3	
3.03E07	3.987E+3	
3.04E07	4.084E+3	
3.05E07	4.069E+3	
3.06E07	4.167E+3	
3.07E07	4.101E+3	
3.08E07	4.056E+3	
3.09E07	3.942E+3	
3.1E07	3.974E+3	
3.11E07	3.929E+3	
3.12E07	3.904E+3	
3.13E07	3.955E+3	
3.14E07	3.932E+3	
3.15E07	3.979E+3	
3.16E07	4.100E+3	
3.17E07	4.059E+3	
3.18E07	4.028E+3	
3.19E07	3.971E+3	
3.2E07	4.080E+3	
3.21E07	3.906E+3	
3.22E07	3.932E+3	
3.23E07	3.979E+3	
3.24E07	3.926E+3	
3.25E07	3.924E+3	
3.26E07	3.947E+3	
3.27E07	3.798E+3	
3.28E07	3.819E+3	
3.29E07	3.969E+3	
3.3E07	3.870E+3	
3.31E07	3.970E+3	
3.32E07	3.881E+3	
3.33E07	3.935E+3	
3.34E07	3.828E+3	
3.35E07	3.777E+3	
3.36E07	3.972E+3	
3.37E07	3.932E+3	
3.38E07	3.775E+3	
3.39E07	3.945E+3	
3.4E07	3.836E+3	
3.41E07	3.880E+3	
3.42E07	3.839E+3	
3.43E07	3.877E+3	
3.44E07	3.803E+3	
3.45E07	3.780E+3	
3.46E07	3.854E+3	
3.47E07	3.727E+3	
3.48E07	3.790E+3	
3.49E07	3.726E+3	
3.5E07	3.938E+3	
3.51E07	3.791E+3	
3.52E07	3.825E+3	
3.53E07	3.726E+3	
3.54E07	3.785E+3	
3.55E07	3.662E+3	
3.56E07	3.727E+3	
3.57E07	3.721E+3	
3.58E07	3.640E+3	
3.59E07	3.766E+3	
3.6E07	3.803E+3	
3.61E07	3.668E+3	
3.62E07	3.677E+3	
3.63E07	3.696E+3	
3.64E07	3.747E+3	
3.65E07	3.621E+3	
3.66E07	3.705E+3	
3.67E07	3.658E+3	
3.68E07	3.751E+3	
3.69E07	3.694E+3	
3.7E07	3.780E+3	
3.71E07	3.692E+3	
3.72E07	3.685E+3	
3.73E07	3.782E+3	
3.74E07	3.676E+3	
3.75E07	3.588E+3	
3.76E07	3.662E+3	
3.77E07	3.639E+3	
3.78E07	3.729E+3	
3.79E07	3.625E+3	
3.8E07	3.679E+3	
3.81E07	3.676E+3	
3.82E07	3.593E+3	
3.83E07	3.660E+3	
3.84E07	3.668E+3	
3.85E07	3.610E+3	
3.86E07	3.607E+3	
3.87E07	3.750E+3	
3.88E07	3.687E+3	
3.89E07	3.663E+3	
3.9E07	3.665E+3	
3.91E07	3.655E+3	
3.92E07	3.706E+3	
3.93E07	3.703E+3	
3.94E07	3.667E+3	
3.95E07	3.642E+3	
3.96E07	3.766E+3	
3.97E07	3.648E+3	
3.98E07	3.702E+3	
3.99E07	3.632E+3	
4E07	3.587E+3	
4.01E07	3.609E+3	
4.02E07	3.579E+3	
4.03E07	3.567E+3	
4.04E07	3.657E+3	
4.05E07	3.575E+3	
4.06E07	3.598E+3	
4.07E07	3.527E+3	
4.08E07	3.566E+3	
4.09E07	3.582E+3	
4.1E07	3.622E+3	
4.11E07	3.483E+3	
4.12E07	3.509E+3	
4.13E07	3.614E+3	
4.14E07	3.452E+3	
4.15E07	3.583E+3	
4.16E07	3.648E+3	
4.17E07	3.522E+3	
4.18E07	3.542E+3	
4.19E07	3.589E+3	
4.2E07	3.547E+3	
4.21E07	3.565E+3	
4.22E07	3.468E+3	
4.23E07	3.547E+3	
4.24E07	3.537E+3	
4.25E07	3.622E+3	
4.26E07	3.602E+3	
4.27E07	3.441E+3	
4.28E07	3.389E+3	
4.29E07	3.667E+3	
4.3E07	3.497E+3	
4.31E07	3.599E+3	
4.32E07	3.463E+3	
4.33E07	3.472E+3	
4.34E07	3.523E+3	
4.35E07	3.519E+3	
4.36E07	3.570E+3	
4.37E07	3.428E+3	
4.38E07	3.416E+3	
4.39E07	3.510E+3	
4.4E07	3.511E+3	
4.41E07	3.488E+3	
4.42E07	3.491E+3	
4.43E07	3.478E+3	
4.44E07	3.465E+3	
4.45E07	3.509E+3	
4.46E07	3.455E+3	
4.47E07	3.526E+3	
4.48E07	3.473E+3	
4.49E07	3.436E+3	
4.5E07	3.426E+3	
4.51E07	3.478E+3	
4.52E07	3.452E+3	
4.53E07	3.446E+3	
4.54E07	3.354E+3	
4.55E07	3.540E+3	
4.56E07	3.581E+3	
4.57E07	3.551E+3	
4.58E07	3.427E+3	
4.59E07	3.462E+3	
4.6E07	3.346E+3	
4.61E07	3.432E+3	
4.62E07	3.458E+3	
4.63E07	3.345E+3	
4.64E07	3.464E+3	
4.65E07	3.654E+3	
4.66E07	3.414E+3	
4.67E07	3.429E+3	
4.68E07	3.516E+3	
4.69E07	3.403E+3	
4.7E07	3.516E+3	
4.71E07	3.417E+3	
4.72E07	3.503E+3	
4.73E07	3.489E+3	
4.74E07	3.374E+3	
4.75E07	3.486E+3	
4.76E07	3.540E+3	
4.77E07	3.491E+3	
4.78E07	3.353E+3	
4.79E07	3.480E+3	
4.8E07	3.384E+3	
4.81E07	3.357E+3	
4.82E07	3.429E+3	
4.83E07	3.444E+3	
4.84E07	3.451E+3	
4.85E07	3.416E+3	
4.86E07	3.371E+3	
4.87E07	3.358E+3	
4.88E07	3.334E+3	
4.89E07	3.431E+3	
4.9E07	3.473E+3	
4.91E07	3.433E+3	
4.92E07	3.458E+3	
4.93E07	3.389E+3	
4.94E07	3.345E+3	
4.95E07	3.466E+3	
4.96E07	3.371E+3	
4.97E07	3.470E+3	
4.98E07	3.326E+3	
4.99E07	3.446E+3	
5E07	3.395E+3	
5.01E07	3.475E+3	
5.02E07	3.348E+3	
5.03E07	3.400E+3	
5.04E07	3.443E+3	
5.05E07	3.405E+3	
5.06E07	3.285E+3	
5.07E07	3.338E+3	
5.08E07	3.465E+3	
5.09E07	3.399E+3	
5.1E07	3.165E+3	
5.11E07	3.444E+3	
5.12E07	3.384E+3	
5.13E07	3.391E+3	
5.14E07	3.344E+3	
5.15E07	3.506E+3	
5.16E07	3.423E+3	
5.17E07	3.403E+3	
5.18E07	3.248E+3	
5.19E07	3.404E+3	
5.2E07	3.360E+3	
5.21E07	3.418E+3	
5.22E07	3.443E+3	
5.23E07	3.345E+3	
5.24E07	3.394E+3	
5.25E07	3.391E+3	
5.26E07	3.382E+3	
5.27E07	3.313E+3	
5.28E07	3.389E+3	
5.29E07	3.320E+3	
5.3E07	3.263E+3	
5.31E07	3.285E+3	
5.32E07	3.360E+3	
5.33E07	3.363E+3	
5.34E07	3.399E+3	
5.35E07	3.288E+3	
5.36E07	3.206E+3	
5.37E07	3.257E+3	
5.38E07	3.340E+3	
5.39E07	3.336E+3	
5.4E07	3.280E+3	
5.41E07	3.349E+3	
5.42E07	3.276E+3	
5.43E07	3.328E+3	
5.44E07	3.345E+3	
5.45E07	3.246E+3	
5.46E07	3.293E+3	
5.47E07	3.320E+3	
5.48E07	3.349E+3	
5.49E07	3.293E+3	
5.5E07	3.366E+3	
5.51E07	3.359E+3	
5.52E07	3.343E+3	
5.53E07	3.317E+3	
5.54E07	3.336E+3	
5.55E07	3.284E+3	
5.56E07	3.351E+3	
5.57E07	3.298E+3	
5.58E07	3.276E+3	
5.59E07	3.301E+3	
5.6E07	3.329E+3	
5.61E07	3.333E+3	
5.62E07	3.241E+3	
5.63E07	3.314E+3	
5.64E07	3.345E+3	
5.65E07	3.291E+3	
5.66E07	3.345E+3	
5.67E07	3.376E+3	
5.68E07	3.372E+3	
5.69E07	3.325E+3	
5.7E07	3.292E+3	
5.71E07	3.215E+3	
5.72E07	3.327E+3	
5.73E07	3.379E+3	
5.74E07	3.350E+3	
5.75E07	3.242E+3	
5.76E07	3.192E+3	
5.77E07	3.284E+3	
5.78E07	3.217E+3	
5.79E07	3.281E+3	
5.8E07	3.238E+3	
5.81E07	3.357E+3	
5.82E07	3.318E+3	
5.83E07	3.315E+3	
5.84E07	3.323E+3	
5.85E07	3.198E+3	
5.86E07	3.202E+3	
5.87E07	3.218E+3	
5.88E07	3.272E+3	
5.89E07	3.318E+3	
5.9E07	3.251E+3	
5.91E07	3.272E+3	
5.92E07	3.224E+3	
5.93E07	3.284E+3	
5.94E07	3.216E+3	
5.95E07	3.238E+3	
5.96E07	3.351E+3	
5.97E07	3.370E+3	
5.98E07	3.307E+3	
5.99E07	3.214E+3	
6E07	3.329E+3	
6.01E07	3.370E+3	
6.02E07	3.291E+3	
6.03E07	3.263E+3	
6.04E07	3.283E+3	
6.05E07	3.252E+3	
6.06E07	3.276E+3	
6.07E07	3.222E+3	
6.08E07	3.365E+3	
6.09E07	3.278E+3	
6.1E07	3.217E+3	
6.11E07	3.241E+3	
6.12E07	3.387E+3	
6.13E07	3.183E+3	
6.14E07	3.243E+3	
6.15E07	3.267E+3	
6.16E07	3.235E+3	
6.17E07	3.251E+3	
6.18E07	3.355E+3	
6.19E07	3.317E+3	
6.2E07	3.344E+3	
6.21E07	3.291E+3	
6.22E07	3.316E+3	
6.23E07	3.331E+3	
6.24E07	3.251E+3	
6.25E07	3.305E+3	
6.26E07	3.284E+3	
6.27E07	3.277E+3	
6.28E07	3.298E+3	
6.29E07	3.227E+3	
6.3E07	3.254E+3	
6.31E07	3.345E+3	
6.32E07	3.212E+3	
6.33E07	3.153E+3	
6.34E07	3.299E+3	
6.35E07	3.277E+3	
6.36E07	3.327E+3	
6.37E07	3.353E+3	
6.38E07	3.349E+3	
6.39E07	3.251E+3	
64000005.000000	3.207E+3	
64100005.000000	3.247E+3	
64200005.000000	3.293E+3	
64300005.000000	3.187E+3	
64400005.000000	3.261E+3	
64500005.000000	3.337E+3	
64600005.000000	3.303E+3	
64700005.000000	3.321E+3	
64800005.000000	3.250E+3	
64900005.000000	3.278E+3	
65000005.000000	3.311E+3	
65100005.000000	3.295E+3	
65200005.000000	3.188E+3	
65300005.000000	3.214E+3	
65400005.000000	3.272E+3	
65500005.000000	3.317E+3	
65600005.000000	3.287E+3	
65700005.000000	3.322E+3	
65800005.000000	3.279E+3	
65900005.000000	3.239E+3	
66000005.000000	3.313E+3	
66100005.000000	3.260E+3	
66200005.000000	3.386E+3	
66300005.000000	3.227E+3	
66400005.000000	3.274E+3	
66500005.000000	3.282E+3	
66600005.000000	3.279E+3	
66700005.000000	3.258E+3	
66800005.000000	3.326E+3	
66900005.000000	3.295E+3	
67000005.000000	3.255E+3	
67100005.000000	3.223E+3	
67200005.000000	3.226E+3	
67300005.000000	3.242E+3	
67400005.000000	3.269E+3	
67500005.000000	3.251E+3	
67600005.000000	3.224E+3	
67700005.000000	3.201E+3	
67800005.000000	3.228E+3	
67900005.000000	3.216E+3	
68000005.000000	3.239E+3	
68100005.000000	3.352E+3	
68200005.000000	3.204E+3	
68300005.000000	3.199E+3	
68400005.000000	3.244E+3	
68500005.000000	3.275E+3	
68600005.000000	3.255E+3	
68700005.000000	3.275E+3	
68800005.000000	3.232E+3	
68900005.000000	3.370E+3	
69000005.000000	3.189E+3	
69100005.000000	3.334E+3	
69200005.000000	3.127E+3	
69300005.000000	3.310E+3	
69400005.000000	3.315E+3	
69500005.000000	3.220E+3	
69600005.000000	3.312E+3	
69700005.000000	3.239E+3	
69800005.000000	3.205E+3	
69900005.000000	3.248E+3	
70000005.000000	3.291E+3	
70100005.000000	3.299E+3	
70200005.000000	3.247E+3	
70300005.000000	3.265E+3	
70400006.000000	3.122E+3	
70500006.000000	3.361E+3	
70600006.000000	3.209E+3	
70700006.000000	3.330E+3	
70800006.000000	3.238E+3	
70900006.000000	3.302E+3	
71000006.000000	3.285E+3	
71100006.000000	3.163E+3	
71200006.000000	3.185E+3	
71300006.000000	3.147E+3	
71400006.000000	3.249E+3	
71500006.000000	3.213E+3	
71600006.000000	3.207E+3	
71700006.000000	3.227E+3	
71800006.000000	3.231E+3	
71900006.000000	3.251E+3	
72000006.000000	3.265E+3	
72100006.000000	3.236E+3	
72200006.000000	3.266E+3	
72300006.000000	3.284E+3	
72400006.000000	3.233E+3	
72500006.000000	3.316E+3	
72600006.000000	3.158E+3	
72700006.000000	3.256E+3	
72800006.000000	3.247E+3	
72900006.000000	3.253E+3	
73000006.000000	3.226E+3	
73100006.000000	3.218E+3	
73200006.000000	3.393E+3	
73300006.000000	3.204E+3	
73400006.000000	3.323E+3	
73500006.000000	3.228E+3	
73600006.000000	3.136E+3	
73700006.000000	3.077E+3	
73800006.000000	3.217E+3	
73900006.000000	3.227E+3	
74000006.000000	3.384E+3	
74100006.000000	3.159E+3	
74200006.000000	3.349E+3	
74300006.000000	3.196E+3	
74400006.000000	3.253E+3	
74500006.000000	3.271E+3	
74600006.000000	3.293E+3	
74700006.000000	3.316E+3	
74800006.000000	3.206E+3	
74900006.000000	3.283E+3	
75000006.000000	3.247E+3	
75100006.000000	3.204E+3	
75200006.000000	3.238E+3	
75300006.000000	3.257E+3	
75400006.000000	3.222E+3	
75500006.000000	3.284E+3	
75600006.000000	3.192E+3	
75700006.000000	3.284E+3	
75800006.000000	3.313E+3	
75900006.000000	3.334E+3	
76000006.000000	3.256E+3	
76100006.000000	3.169E+3	
76200006.000000	3.322E+3	
76300006.000000	3.302E+3	
76400006.000000	3.078E+3	
76500006.000000	3.251E+3	
76600006.000000	3.290E+3	
76700006.000000	3.276E+3	
76800006.000000	3.160E+3	
76900006.000000	3.266E+3	
77000006.000000	3.233E+3	
77100006.000000	3.143E+3	
77200006.000000	3.192E+3	
77300006.000000	3.185E+3	
77400006.000000	3.150E+3	
77500006.000000	3.199E+3	
77600006.000000	3.213E+3	
77700006.000000	3.180E+3	
77800006.000000	3.201E+3	
77900006.000000	3.179E+3	
78000006.000000	3.231E+3	
78100006.000000	3.096E+3	
78200006.000000	3.236E+3	
78300006.000000	3.144E+3	
78400006.000000	3.235E+3	
78500006.000000	3.213E+3	
78600006.000000	3.337E+3	
78700006.000000	3.193E+3	
78800006.000000	3.311E+3	
78900006.000000	3.268E+3	
79000006.000000	3.103E+3	
79100006.000000	3.170E+3	
79200006.000000	3.234E+3	
79300006.000000	3.238E+3	
79400006.000000	3.232E+3	
79500006.000000	3.220E+3	
79600006.000000	3.230E+3	
79700006.000000	3.221E+3	
79800006.000000	3.248E+3	
79900006.000000	3.212E+3	
80000006.000000	3.292E+3	
80100006.000000	3.298E+3	
80200006.000000	3.123E+3	
80300006.000000	3.184E+3	
80400006.000000	3.270E+3	
80500006.000000	3.150E+3	
80600006.000000	3.153E+3	
80700006.000000	3.257E+3	
80800006.000000	3.230E+3	
80900006.000000	3.135E+3	
81000006.000000	3.095E+3	
81100006.000000	3.138E+3	
81200006.000000	3.253E+3	
81300006.000000	3.239E+3	
81400006.000000	3.315E+3	
81500006.000000	3.368E+3	
81600006.000000	3.235E+3	
81700006.000000	3.165E+3	
81800006.000000	3.190E+3	
81900006.000000	3.187E+3	
82000006.000000	3.222E+3	
82100006.000000	3.271E+3	
82200006.000000	3.275E+3	
82300006.000000	3.317E+3	
82400006.000000	3.198E+3	
82500006.000000	3.259E+3	
82600006.000000	3.281E+3	
82700006.000000	3.258E+3	
82800006.000000	3.233E+3	
82900006.000000	3.141E+3	
83000006.000000	3.317E+3	
83100006.000000	3.137E+3	
83200007.000000	3.219E+3	
83300007.000000	3.286E+3	
83400007.000000	3.144E+3	
83500007.000000	3.236E+3	
83600007.000000	3.074E+3	
83700007.000000	3.186E+3	
83800007.000000	3.235E+3	
83900007.000000	3.226E+3	
84000007.000000	3.164E+3	
84100007.000000	3.240E+3	
84200007.000000	3.342E+3	
84300007.000000	3.180E+3	
84400007.000000	3.338E+3	
84500007.000000	3.144E+3	
84600007.000000	3.179E+3	
84700007.000000	3.361E+3	
84800007.000000	3.204E+3	
84900007.000000	3.209E+3	
85000007.000000	3.159E+3	
85100007.000000	3.243E+3	
85200007.000000	3.124E+3	
85300007.000000	3.174E+3	
85400007.000000	3.207E+3	
85500007.000000	3.229E+3	
85600007.000000	3.120E+3	
85700007.000000	3.217E+3	
85800007.000000	3.206E+3	
85900007.000000	3.334E+3	
86000007.000000	3.271E+3	
86100007.000000	3.175E+3	
86200007.000000	3.222E+3	
86300007.000000	3.261E+3	
86400007.000000	3.269E+3	
86500007.000000	3.197E+3	
86600007.000000	3.221E+3	
86700007.000000	3.176E+3	
86800007.000000	3.217E+3	
86900007.000000	3.248E+3	
87000007.000000	3.175E+3	
87100007.000000	3.235E+3	
87200007.000000	3.224E+3	
87300007.000000	3.241E+3	
87400007.000000	3.251E+3	
87500007.000000	3.312E+3	
87600007.000000	3.154E+3	
87700007.000000	3.361E+3	
87800007.000000	3.160E+3	
87900007.000000	3.207E+3	
88000007.000000	3.409E+3	
88100007.000000	3.293E+3	
88200007.000000	3.268E+3	
88300007.000000	3.221E+3	
88400007.000000	3.202E+3	
88500007.000000	3.272E+3	
88600007.000000	3.242E+3	
88700007.000000	3.162E+3	
88800007.000000	3.196E+3	
88900007.000000	3.202E+3	
89000007.000000	3.220E+3	
89100007.000000	3.228E+3	
89200007.000000	3.194E+3	
89300007.000000	3.133E+3	
89400007.000000	3.318E+3	
89500007.000000	3.188E+3	
89600007.000000	3.186E+3	
89700007.000000	3.202E+3	
89800007.000000	3.183E+3	
89900007.000000	3.232E+3	
90000007.000000	3.228E+3	
90100007.000000	3.167E+3	
90200007.000000	3.252E+3	
90300007.000000	3.357E+3	
90400007.000000	3.261E+3	
90500007.000000	3.166E+3	
90600007.000000	3.235E+3	
90700007.000000	3.202E+3	
90800007.000000	3.314E+3	
90900007.000000	3.281E+3	
91000007.000000	3.223E+3	
91100007.000000	3.202E+3	
91200007.000000	3.188E+3	
91300007.000000	3.229E+3	
91400007.000000	3.179E+3	
91500007.000000	3.218E+3	
91600007.000000	3.241E+3	
91700007.000000	3.224E+3	
91800007.000000	3.281E+3	
91900007.000000	3.382E+3	
92000007.000000	3.230E+3	
92100007.000000	3.270E+3	
92200007.000000	3.230E+3	
92300007.000000	3.227E+3	
92400007.000000	3.231E+3	
92500007.000000	3.020E+3	
92600007.000000	3.201E+3	
92700007.000000	3.225E+3	
92800007.000000	3.204E+3	
92900007.000000	3.319E+3	
93000007.000000	3.150E+3	
93100007.000000	3.254E+3	
93200007.000000	3.195E+3	
93300007.000000	3.177E+3	
93400007.000000	3.137E+3	
93500007.000000	3.340E+3	
93600007.000000	3.223E+3	
93700007.000000	3.301E+3	
93800007.000000	3.257E+3	
93900007.000000	3.102E+3	
94000007.000000	3.208E+3	
94100007.000000	3.220E+3	
94200007.000000	3.234E+3	
94300007.000000	3.208E+3	
94400007.000000	3.253E+3	
94500007.000000	3.135E+3	
94600007.000000	3.227E+3	
94700007.000000	3.213E+3	
94800007.000000	3.200E+3	
94900007.000000	3.203E+3	
95000007.000000	3.269E+3	
95100007.000000	3.215E+3	
95200007.000000	3.214E+3	
95300007.000000	3.179E+3	
95400007.000000	3.308E+3	
95500007.000000	3.133E+3	
95600007.000000	3.271E+3	
95700007.000000	3.227E+3	
95800007.000000	3.220E+3	
95900007.000000	3.267E+3	
96000008.000000	3.146E+3	
96100008.000000	3.283E+3	
96200008.000000	3.212E+3	
96300008.000000	3.218E+3	
96400008.000000	3.221E+3	
96500008.000000	3.234E+3	
96600008.000000	3.104E+3	
96700008.000000	3.245E+3	
96800008.000000	3.140E+3	
96900008.000000	3.202E+3	
97000008.000000	3.290E+3	
97100008.000000	3.274E+3	
97200008.000000	3.205E+3	
97300008.000000	3.304E+3	
97400008.000000	3.315E+3	
97500008.000000	3.234E+3	
97600008.000000	3.279E+3	
97700008.000000	3.181E+3	
97800008.000000	3.296E+3	
97900008.000000	3.304E+3	
98000008.000000	3.266E+3	
98100008.000000	3.277E+3	
98200008.000000	3.192E+3	
98300008.000000	3.311E+3	
98400008.000000	3.190E+3	
98500008.000000	3.307E+3	
98600008.000000	3.190E+3	
98700008.000000	3.291E+3	
98800008.000000	3.131E+3	
98900008.000000	3.175E+3	
99000008.000000	3.368E+3	
99100008.000000	3.142E+3	
99200008.000000	3.227E+3	
99300008.000000	3.237E+3	
99400008.000000	3.192E+3	
99500008.000000	3.219E+3	
99600008.000000	3.156E+3	
99700008.000000	3.237E+3	
99800008.000000	3.200E+3	
99900008.000000	3.125E+3	
