Air (400mA 10ms)

Labels,Decay52,Decay52F1,Decay52F1R,
Type,Time Scan,Exponential Fit Time Scan,Weighted Residuals Time Scan,
Comment,,,,
Start,0.00,1.01E07,1.01E07,
Stop,99900008.000000,99900008.000000,99900008.000000,
Step,1E05,1E05,1E05,
Fixed/Offset, , , ,
XAxis,Time,Time,Time,
YAxis,Counts,Counts,Counts,

0.00,3.219E+3, , ,
1E05,4.311E+3, , ,
2E05,5.386E+3, , ,
3E05,6.472E+3, , ,
4E05,7.311E+3, , ,
5E05,8.162E+3, , ,
6E05,9.343E+3, , ,
700000.050000,1.013E+4, , ,
800000.060000,1.110E+4, , ,
900000.070000,1.187E+4, , ,
1E06,1.272E+4, , ,
1.1E06,1.357E+4, , ,
1.2E06,1.455E+4, , ,
1.3E06,1.528E+4, , ,
1.4E06,1.611E+4, , ,
1.5E06,1.682E+4, , ,
1.6E06,1.763E+4, , ,
1.7E06,1.847E+4, , ,
1.8E06,1.934E+4, , ,
1.9E06,2.019E+4, , ,
2E06,2.083E+4, , ,
2.1E06,2.152E+4, , ,
2.2E06,2.258E+4, , ,
2.3E06,2.322E+4, , ,
2.4E06,2.432E+4, , ,
2.5E06,2.498E+4, , ,
2.6E06,2.557E+4, , ,
2.7E06,2.624E+4, , ,
2.8E06,2.736E+4, , ,
2.9E06,2.788E+4, , ,
3E06,2.864E+4, , ,
3.1E06,2.925E+4, , ,
3.2E06,2.985E+4, , ,
3.3E06,3.088E+4, , ,
3.4E06,3.140E+4, , ,
3.5E06,3.194E+4, , ,
3.6E06,3.262E+4, , ,
3.7E06,3.341E+4, , ,
3.8E06,3.384E+4, , ,
3.9E06,3.471E+4, , ,
4E06,3.536E+4, , ,
4.1E06,3.599E+4, , ,
4.2E06,3.679E+4, , ,
4.3E06,3.712E+4, , ,
4.4E06,3.785E+4, , ,
4.5E06,3.820E+4, , ,
4.6E06,3.940E+4, , ,
4.7E06,3.951E+4, , ,
4.8E06,4.036E+4, , ,
4.9E06,4.059E+4, , ,
5E06,4.153E+4, , ,
5.1E06,4.201E+4, , ,
5.2E06,4.275E+4, , ,
5.3E06,4.336E+4, , ,
5.4E06,4.375E+4, , ,
5.5E06,4.441E+4, , ,
5.6E06,4.514E+4, , ,
5.7E06,4.552E+4, , ,
5.8E06,4.625E+4, , ,
5.9E06,4.675E+4, , ,
6E06,4.701E+4, , ,
6.1E06,4.794E+4, , ,
6.2E06,4.771E+4, , ,
6.3E06,4.906E+4, , ,
6400000.500000,4.946E+4, , ,
6500000.500000,4.957E+4, , ,
6600000.500000,5.045E+4, , ,
6700000.500000,5.108E+4, , ,
6800000.500000,5.122E+4, , ,
6900000.500000,5.197E+4, , ,
7000000.500000,5.263E+4, , ,
7100000.600000,5.280E+4, , ,
7200000.600000,5.289E+4, , ,
7300000.600000,5.385E+4, , ,
7400000.600000,5.426E+4, , ,
7500000.600000,5.518E+4, , ,
7600000.600000,5.547E+4, , ,
7700000.600000,5.600E+4, , ,
7800000.600000,5.629E+4, , ,
7900000.600000,5.674E+4, , ,
8000000.600000,5.738E+4, , ,
8100000.600000,5.775E+4, , ,
8200000.600000,5.835E+4, , ,
8300000.600000,5.839E+4, , ,
8400000.700000,5.898E+4, , ,
8500000.700000,5.938E+4, , ,
8600000.700000,5.961E+4, , ,
8700000.700000,6.057E+4, , ,
8800000.700000,6.087E+4, , ,
8900000.700000,6.083E+4, , ,
9000000.700000,6.175E+4, , ,
9100000.700000,6.174E+4, , ,
9200000.700000,6.217E+4, , ,
9300000.700000,6.250E+4, , ,
9400000.700000,6.368E+4, , ,
9500000.700000,6.352E+4, , ,
9600000.800000,6.394E+4, , ,
9700000.800000,6.492E+4, , ,
9800000.800000,6.445E+4, , ,
9900000.800000,6.485E+4, , ,
1E07,6.566E+4, , ,
1.01E07,6.447E+4,6.443E+4,1.608E-1,
1.02E07,6.420E+4,6.394E+4,9.953E-1,
1.03E07,6.376E+4,6.346E+4,1.171E+0,
1.04E07,6.326E+4,6.298E+4,1.091E+0,
1.05E07,6.260E+4,6.251E+4,3.567E-1,
1.06E07,6.209E+4,6.204E+4,2.062E-1,
1.07E07,6.192E+4,6.157E+4,1.378E+0,
1.08E07,6.112E+4,6.111E+4,2.234E-2,
1.09E07,6.114E+4,6.065E+4,1.988E+0,
1.1E07,6.011E+4,6.020E+4,-3.630E-1,
1.11E07,6.000E+4,5.974E+4,1.048E+0,
1.12E07,5.924E+4,5.930E+4,-2.135E-1,
1.13E07,5.902E+4,5.885E+4,6.738E-1,
1.14E07,5.822E+4,5.841E+4,-7.881E-1,
1.15E07,5.820E+4,5.797E+4,9.554E-1,
1.16E07,5.730E+4,5.754E+4,-1.012E+0,
1.17E07,5.689E+4,5.711E+4,-8.954E-1,
1.18E07,5.685E+4,5.668E+4,7.077E-1,
1.19E07,5.640E+4,5.626E+4,6.219E-1,
1.2E07,5.634E+4,5.584E+4,2.141E+0,
1.21E07,5.565E+4,5.542E+4,9.856E-1,
1.22E07,5.472E+4,5.500E+4,-1.208E+0,
1.23E07,5.456E+4,5.459E+4,-1.622E-1,
1.24E07,5.391E+4,5.419E+4,-1.208E+0,
1.25E07,5.422E+4,5.378E+4,1.880E+0,
1.26E07,5.325E+4,5.338E+4,-5.908E-1,
1.27E07,5.288E+4,5.298E+4,-4.546E-1,
1.28E07,5.256E+4,5.259E+4,-1.347E-1,
1.29E07,5.215E+4,5.220E+4,-2.162E-1,
1.3E07,5.134E+4,5.181E+4,-2.087E+0,
1.31E07,5.141E+4,5.142E+4,-4.684E-2,
1.32E07,5.085E+4,5.104E+4,-8.441E-1,
1.33E07,5.094E+4,5.066E+4,1.231E+0,
1.34E07,5.033E+4,5.029E+4,2.013E-1,
1.35E07,4.990E+4,4.991E+4,-5.631E-2,
1.36E07,4.967E+4,4.954E+4,5.776E-1,
1.37E07,4.919E+4,4.917E+4,7.711E-2,
1.38E07,4.881E+4,4.881E+4,-6.524E-3,
1.39E07,4.840E+4,4.845E+4,-2.176E-1,
1.4E07,4.792E+4,4.809E+4,-7.911E-1,
1.41E07,4.742E+4,4.773E+4,-1.466E+0,
1.42E07,4.725E+4,4.738E+4,-6.269E-1,
1.43E07,4.682E+4,4.703E+4,-9.706E-1,
1.44E07,4.673E+4,4.668E+4,2.241E-1,
1.45E07,4.624E+4,4.634E+4,-4.410E-1,
1.46E07,4.586E+4,4.600E+4,-6.344E-1,
1.47E07,4.577E+4,4.566E+4,5.021E-1,
1.48E07,4.507E+4,4.532E+4,-1.192E+0,
1.49E07,4.507E+4,4.499E+4,3.670E-1,
1.5E07,4.451E+4,4.466E+4,-6.911E-1,
1.51E07,4.440E+4,4.433E+4,3.267E-1,
1.52E07,4.366E+4,4.400E+4,-1.642E+0,
1.53E07,4.395E+4,4.368E+4,1.275E+0,
1.54E07,4.336E+4,4.336E+4,2.026E-2,
1.55E07,4.270E+4,4.304E+4,-1.657E+0,
1.56E07,4.274E+4,4.272E+4,8.412E-2,
1.57E07,4.235E+4,4.241E+4,-2.978E-1,
1.58E07,4.217E+4,4.210E+4,3.630E-1,
1.59E07,4.161E+4,4.179E+4,-8.729E-1,
1.6E07,4.186E+4,4.148E+4,1.813E+0,
1.61E07,4.134E+4,4.118E+4,7.986E-1,
1.62E07,4.095E+4,4.088E+4,3.433E-1,
1.63E07,4.041E+4,4.058E+4,-8.746E-1,
1.64E07,4.015E+4,4.028E+4,-6.761E-1,
1.65E07,3.989E+4,3.999E+4,-5.130E-1,
1.66E07,3.980E+4,3.970E+4,5.273E-1,
1.67E07,3.963E+4,3.941E+4,1.113E+0,
1.68E07,3.916E+4,3.912E+4,1.851E-1,
1.69E07,3.881E+4,3.884E+4,-1.654E-1,
1.7E07,3.870E+4,3.856E+4,7.368E-1,
1.71E07,3.839E+4,3.827E+4,5.729E-1,
1.72E07,3.795E+4,3.800E+4,-2.550E-1,
1.73E07,3.767E+4,3.772E+4,-2.618E-1,
1.74E07,3.737E+4,3.745E+4,-4.249E-1,
1.75E07,3.709E+4,3.718E+4,-4.706E-1,
1.76E07,3.670E+4,3.691E+4,-1.056E+0,
1.77E07,3.671E+4,3.664E+4,3.860E-1,
1.78E07,3.652E+4,3.637E+4,7.435E-1,
1.79E07,3.588E+4,3.611E+4,-1.214E+0,
1.8E07,3.576E+4,3.585E+4,-5.024E-1,
1.81E07,3.570E+4,3.559E+4,5.973E-1,
1.82E07,3.510E+4,3.533E+4,-1.278E+0,
1.83E07,3.472E+4,3.508E+4,-1.940E+0,
1.84E07,3.497E+4,3.483E+4,7.390E-1,
1.85E07,3.477E+4,3.458E+4,1.040E+0,
1.86E07,3.445E+4,3.433E+4,6.341E-1,
1.87E07,3.412E+4,3.408E+4,2.245E-1,
1.88E07,3.403E+4,3.384E+4,1.059E+0,
1.89E07,3.350E+4,3.359E+4,-5.180E-1,
1.9E07,3.307E+4,3.335E+4,-1.577E+0,
1.91E07,3.278E+4,3.311E+4,-1.844E+0,
1.92E07,3.305E+4,3.288E+4,9.482E-1,
1.93E07,3.243E+4,3.264E+4,-1.146E+0,
1.94E07,3.240E+4,3.241E+4,-4.401E-2,
1.95E07,3.226E+4,3.218E+4,4.435E-1,
1.96E07,3.220E+4,3.195E+4,1.423E+0,
1.97E07,3.138E+4,3.172E+4,-1.884E+0,
1.98E07,3.193E+4,3.149E+4,2.431E+0,
1.99E07,3.139E+4,3.127E+4,7.095E-1,
2E07,3.132E+4,3.104E+4,1.567E+0,
2.01E07,3.069E+4,3.082E+4,-7.477E-1,
2.02E07,3.068E+4,3.060E+4,4.341E-1,
2.03E07,3.017E+4,3.039E+4,-1.276E+0,
2.04E07,3.001E+4,3.017E+4,-9.416E-1,
2.05E07,3.017E+4,2.996E+4,1.196E+0,
2.06E07,2.989E+4,2.975E+4,8.439E-1,
2.07E07,2.970E+4,2.954E+4,9.770E-1,
2.08E07,2.937E+4,2.933E+4,2.579E-1,
2.09E07,2.894E+4,2.912E+4,-1.086E+0,
2.1E07,2.886E+4,2.891E+4,-3.069E-1,
2.11E07,2.855E+4,2.871E+4,-9.247E-1,
2.12E07,2.832E+4,2.851E+4,-1.093E+0,
2.13E07,2.815E+4,2.831E+4,-9.197E-1,
2.14E07,2.790E+4,2.811E+4,-1.235E+0,
2.15E07,2.772E+4,2.791E+4,-1.164E+0,
2.16E07,2.775E+4,2.771E+4,1.933E-1,
2.17E07,2.772E+4,2.752E+4,1.223E+0,
2.18E07,2.721E+4,2.733E+4,-7.432E-1,
2.19E07,2.731E+4,2.714E+4,1.021E+0,
2.2E07,2.727E+4,2.695E+4,1.947E+0,
2.21E07,2.688E+4,2.676E+4,7.369E-1,
2.22E07,2.667E+4,2.657E+4,5.794E-1,
2.23E07,2.645E+4,2.639E+4,3.686E-1,
2.24E07,2.609E+4,2.620E+4,-6.823E-1,
2.25E07,2.570E+4,2.602E+4,-1.970E+0,
2.26E07,2.594E+4,2.584E+4,6.341E-1,
2.27E07,2.554E+4,2.566E+4,-7.343E-1,
2.28E07,2.562E+4,2.548E+4,8.917E-1,
2.29E07,2.528E+4,2.530E+4,-1.483E-1,
2.3E07,2.503E+4,2.513E+4,-6.594E-1,
2.31E07,2.491E+4,2.496E+4,-2.624E-1,
2.32E07,2.517E+4,2.478E+4,2.421E+0,
2.33E07,2.447E+4,2.461E+4,-8.998E-1,
2.34E07,2.450E+4,2.444E+4,3.580E-1,
2.35E07,2.402E+4,2.427E+4,-1.649E+0,
2.36E07,2.398E+4,2.411E+4,-8.358E-1,
2.37E07,2.398E+4,2.394E+4,2.800E-1,
2.38E07,2.399E+4,2.378E+4,1.348E+0,
2.39E07,2.376E+4,2.361E+4,9.342E-1,
2.4E07,2.346E+4,2.345E+4,8.400E-2,
2.41E07,2.314E+4,2.329E+4,-9.633E-1,
2.42E07,2.342E+4,2.313E+4,1.913E+0,
2.43E07,2.307E+4,2.297E+4,6.112E-1,
2.44E07,2.256E+4,2.282E+4,-1.714E+0,
2.45E07,2.255E+4,2.266E+4,-7.379E-1,
2.46E07,2.270E+4,2.251E+4,1.291E+0,
2.47E07,2.235E+4,2.235E+4,-2.534E-3,
2.48E07,2.242E+4,2.220E+4,1.453E+0,
2.49E07,2.158E+4,2.205E+4,-3.184E+0,
2.5E07,2.180E+4,2.190E+4,-6.998E-1,
2.51E07,2.167E+4,2.175E+4,-5.707E-1,
2.52E07,2.151E+4,2.161E+4,-6.537E-1,
2.53E07,2.127E+4,2.146E+4,-1.316E+0,
2.54E07,2.114E+4,2.132E+4,-1.225E+0,
2.55E07,2.099E+4,2.117E+4,-1.252E+0,
2.56E07,2.114E+4,2.103E+4,7.640E-1,
2.57E07,2.088E+4,2.089E+4,-5.209E-2,
2.58E07,2.070E+4,2.075E+4,-3.632E-1,
2.59E07,2.048E+4,2.061E+4,-8.951E-1,
2.6E07,2.028E+4,2.047E+4,-1.306E+0,
2.61E07,2.042E+4,2.033E+4,6.153E-1,
2.62E07,2.022E+4,2.020E+4,1.885E-1,
2.63E07,2.009E+4,2.006E+4,2.089E-1,
2.64E07,1.982E+4,1.993E+4,-7.576E-1,
2.65E07,1.990E+4,1.980E+4,7.444E-1,
2.66E07,1.979E+4,1.966E+4,9.214E-1,
2.67E07,1.948E+4,1.953E+4,-3.854E-1,
2.68E07,1.936E+4,1.940E+4,-3.396E-1,
2.69E07,1.933E+4,1.928E+4,3.904E-1,
2.7E07,1.924E+4,1.915E+4,6.256E-1,
2.71E07,1.889E+4,1.902E+4,-9.950E-1,
2.72E07,1.887E+4,1.890E+4,-2.130E-1,
2.73E07,1.864E+4,1.877E+4,-9.431E-1,
2.74E07,1.876E+4,1.865E+4,7.940E-1,
2.75E07,1.853E+4,1.853E+4,1.664E-2,
2.76E07,1.838E+4,1.840E+4,-2.153E-1,
2.77E07,1.831E+4,1.828E+4,1.730E-1,
2.78E07,1.810E+4,1.816E+4,-4.828E-1,
2.79E07,1.803E+4,1.805E+4,-9.134E-2,
2.8E07,1.784E+4,1.793E+4,-6.853E-1,
2.81E07,1.785E+4,1.781E+4,3.240E-1,
2.82E07,1.773E+4,1.769E+4,2.267E-1,
2.83E07,1.780E+4,1.758E+4,1.658E+0,
2.84E07,1.752E+4,1.747E+4,4.246E-1,
2.85E07,1.720E+4,1.735E+4,-1.187E+0,
2.86E07,1.727E+4,1.724E+4,1.874E-1,
2.87E07,1.705E+4,1.713E+4,-5.898E-1,
2.88E07,1.681E+4,1.702E+4,-1.577E+0,
2.89E07,1.706E+4,1.691E+4,1.172E+0,
2.9E07,1.687E+4,1.680E+4,5.068E-1,
2.91E07,1.665E+4,1.669E+4,-3.589E-1,
2.92E07,1.654E+4,1.659E+4,-3.832E-1,
2.93E07,1.632E+4,1.648E+4,-1.214E+0,
2.94E07,1.654E+4,1.637E+4,1.293E+0,
2.95E07,1.637E+4,1.627E+4,7.561E-1,
2.96E07,1.629E+4,1.617E+4,9.825E-1,
2.97E07,1.600E+4,1.606E+4,-5.119E-1,
2.98E07,1.600E+4,1.596E+4,3.185E-1,
2.99E07,1.581E+4,1.586E+4,-4.334E-1,
3E07,1.583E+4,1.576E+4,5.638E-1,
3.01E07,1.565E+4,1.566E+4,-9.142E-2,
3.02E07,1.546E+4,1.556E+4,-8.091E-1,
3.03E07,1.545E+4,1.546E+4,-1.170E-1,
3.04E07,1.530E+4,1.537E+4,-5.682E-1,
3.05E07,1.533E+4,1.527E+4,5.027E-1,
3.06E07,1.522E+4,1.517E+4,3.808E-1,
3.07E07,1.521E+4,1.508E+4,1.046E+0,
3.08E07,1.507E+4,1.498E+4,7.184E-1,
3.09E07,1.473E+4,1.489E+4,-1.288E+0,
3.1E07,1.492E+4,1.480E+4,9.696E-1,
3.11E07,1.482E+4,1.471E+4,9.236E-1,
3.12E07,1.469E+4,1.461E+4,6.246E-1,
3.13E07,1.454E+4,1.452E+4,1.183E-1,
3.14E07,1.445E+4,1.443E+4,1.672E-1,
3.15E07,1.442E+4,1.434E+4,6.596E-1,
3.16E07,1.433E+4,1.426E+4,6.485E-1,
3.17E07,1.415E+4,1.417E+4,-1.231E-1,
3.18E07,1.379E+4,1.408E+4,-2.449E+0,
3.19E07,1.397E+4,1.400E+4,-2.139E-1,
3.2E07,1.388E+4,1.391E+4,-2.515E-1,
3.21E07,1.381E+4,1.382E+4,-1.674E-1,
3.22E07,1.354E+4,1.374E+4,-1.748E+0,
3.23E07,1.364E+4,1.366E+4,-1.433E-1,
3.24E07,1.336E+4,1.357E+4,-1.867E+0,
3.25E07,1.347E+4,1.349E+4,-1.936E-1,
3.26E07,1.335E+4,1.341E+4,-5.176E-1,
3.27E07,1.333E+4,1.333E+4,3.638E-2,
3.28E07,1.318E+4,1.325E+4,-6.398E-1,
3.29E07,1.292E+4,1.317E+4,-2.188E+0,
3.3E07,1.309E+4,1.309E+4,1.220E-2,
3.31E07,1.322E+4,1.301E+4,1.825E+0,
3.32E07,1.301E+4,1.293E+4,6.726E-1,
3.33E07,1.287E+4,1.286E+4,1.582E-1,
3.34E07,1.292E+4,1.278E+4,1.228E+0,
3.35E07,1.288E+4,1.270E+4,1.521E+0,
3.36E07,1.262E+4,1.263E+4,-9.800E-2,
3.37E07,1.261E+4,1.255E+4,4.614E-1,
3.38E07,1.263E+4,1.248E+4,1.370E+0,
3.39E07,1.234E+4,1.241E+4,-6.334E-1,
3.4E07,1.237E+4,1.233E+4,3.300E-1,
3.41E07,1.223E+4,1.226E+4,-3.150E-1,
3.42E07,1.221E+4,1.219E+4,2.178E-1,
3.43E07,1.231E+4,1.212E+4,1.698E+0,
3.44E07,1.193E+4,1.205E+4,-1.070E+0,
3.45E07,1.222E+4,1.198E+4,2.237E+0,
3.46E07,1.188E+4,1.191E+4,-2.110E-1,
3.47E07,1.174E+4,1.184E+4,-8.759E-1,
3.48E07,1.173E+4,1.177E+4,-3.635E-1,
3.49E07,1.151E+4,1.170E+4,-1.812E+0,
3.5E07,1.178E+4,1.163E+4,1.319E+0,
3.51E07,1.143E+4,1.157E+4,-1.281E+0,
3.52E07,1.143E+4,1.150E+4,-6.227E-1,
3.53E07,1.140E+4,1.143E+4,-3.439E-1,
3.54E07,1.147E+4,1.137E+4,9.304E-1,
3.55E07,1.113E+4,1.130E+4,-1.645E+0,
3.56E07,1.111E+4,1.124E+4,-1.216E+0,
3.57E07,1.117E+4,1.118E+4,-9.858E-2,
3.58E07,1.133E+4,1.111E+4,2.000E+0,
3.59E07,1.124E+4,1.105E+4,1.780E+0,
3.6E07,1.118E+4,1.099E+4,1.778E+0,
3.61E07,1.082E+4,1.093E+4,-9.728E-1,
3.62E07,1.088E+4,1.086E+4,1.928E-1,
3.63E07,1.092E+4,1.080E+4,1.138E+0,
3.64E07,1.062E+4,1.074E+4,-1.201E+0,
3.65E07,1.077E+4,1.068E+4,8.303E-1,
3.66E07,1.063E+4,1.062E+4,1.512E-2,
3.67E07,1.060E+4,1.056E+4,3.350E-1,
3.68E07,1.042E+4,1.051E+4,-8.824E-1,
3.69E07,1.056E+4,1.045E+4,1.080E+0,
3.7E07,1.035E+4,1.039E+4,-3.590E-1,
3.71E07,1.014E+4,1.033E+4,-1.881E+0,
3.72E07,1.023E+4,1.028E+4,-4.629E-1,
3.73E07,1.025E+4,1.022E+4,3.295E-1,
3.74E07,1.019E+4,1.016E+4,2.288E-1,
3.75E07,1.022E+4,1.011E+4,1.082E+0,
3.76E07,1.010E+4,1.005E+4,4.502E-1,
3.77E07,9.979E+3,1.000E+4,-2.136E-1,
3.78E07,9.997E+3,9.946E+3,5.066E-1,
3.79E07,1.008E+4,9.893E+3,1.884E+0,
3.8E07,9.563E+3,9.840E+3,-2.829E+0,
3.81E07,9.826E+3,9.787E+3,3.940E-1,
3.82E07,9.697E+3,9.735E+3,-3.823E-1,
3.83E07,9.709E+3,9.683E+3,2.663E-1,
3.84E07,9.633E+3,9.631E+3,1.740E-2,
3.85E07,9.724E+3,9.580E+3,1.458E+0,
3.86E07,9.631E+3,9.530E+3,1.034E+0,
3.87E07,9.435E+3,9.479E+3,-4.562E-1,
3.88E07,9.365E+3,9.429E+3,-6.660E-1,
3.89E07,9.325E+3,9.380E+3,-5.695E-1,
3.9E07,9.396E+3,9.331E+3,6.714E-1,
3.91E07,9.344E+3,9.282E+3,6.389E-1,
3.92E07,9.256E+3,9.234E+3,2.293E-1,
3.93E07,9.298E+3,9.186E+3,1.161E+0,
3.94E07,9.090E+3,9.138E+3,-5.086E-1,
3.95E07,9.106E+3,9.091E+3,1.537E-1,
3.96E07,8.997E+3,9.045E+3,-5.013E-1,
3.97E07,9.107E+3,8.998E+3,1.141E+0,
3.98E07,8.934E+3,8.952E+3,-1.914E-1,
3.99E07,8.987E+3,8.906E+3,8.500E-1,
4E07,8.901E+3,8.861E+3,4.229E-1,
4.01E07,8.611E+3,8.816E+3,-2.211E+0,
4.02E07,8.853E+3,8.772E+3,8.658E-1,
4.03E07,8.774E+3,8.727E+3,4.987E-1,
4.04E07,8.648E+3,8.683E+3,-3.805E-1,
4.05E07,8.693E+3,8.640E+3,5.702E-1,
4.06E07,8.482E+3,8.597E+3,-1.245E+0,
4.07E07,8.506E+3,8.554E+3,-5.180E-1,
4.08E07,8.441E+3,8.511E+3,-7.646E-1,
4.09E07,8.565E+3,8.469E+3,1.037E+0,
4.1E07,8.341E+3,8.427E+3,-9.439E-1,
4.11E07,8.497E+3,8.386E+3,1.208E+0,
4.12E07,8.403E+3,8.344E+3,6.382E-1,
4.13E07,8.361E+3,8.304E+3,6.274E-1,
4.14E07,8.236E+3,8.263E+3,-2.985E-1,
4.15E07,8.213E+3,8.223E+3,-1.089E-1,
4.16E07,8.278E+3,8.183E+3,1.044E+0,
4.17E07,8.087E+3,8.143E+3,-6.270E-1,
4.18E07,8.070E+3,8.104E+3,-3.798E-1,
4.19E07,8.042E+3,8.065E+3,-2.582E-1,
4.2E07,7.864E+3,8.027E+3,-1.833E+0,
4.21E07,7.992E+3,7.988E+3,4.295E-2,
4.22E07,7.981E+3,7.950E+3,3.457E-1,
4.23E07,7.911E+3,7.912E+3,-1.553E-2,
4.24E07,7.841E+3,7.875E+3,-3.833E-1,
4.25E07,7.860E+3,7.838E+3,2.504E-1,
4.26E07,7.896E+3,7.801E+3,1.070E+0,
4.27E07,7.836E+3,7.764E+3,8.089E-1,
4.28E07,7.681E+3,7.728E+3,-5.377E-1,
4.29E07,7.833E+3,7.692E+3,1.592E+0,
4.3E07,7.672E+3,7.656E+3,1.775E-1,
4.31E07,7.633E+3,7.621E+3,1.369E-1,
4.32E07,7.584E+3,7.586E+3,-2.191E-2,
4.33E07,7.510E+3,7.551E+3,-4.737E-1,
4.34E07,7.498E+3,7.516E+3,-2.134E-1,
4.35E07,7.462E+3,7.482E+3,-2.336E-1,
4.36E07,7.430E+3,7.448E+3,-2.105E-1,
4.37E07,7.399E+3,7.414E+3,-1.789E-1,
4.38E07,7.336E+3,7.381E+3,-5.241E-1,
4.39E07,7.295E+3,7.348E+3,-6.166E-1,
4.4E07,7.375E+3,7.315E+3,7.022E-1,
4.41E07,7.207E+3,7.282E+3,-8.834E-1,
4.42E07,7.240E+3,7.250E+3,-1.123E-1,
4.43E07,7.210E+3,7.217E+3,-8.675E-2,
4.44E07,7.205E+3,7.185E+3,2.305E-1,
4.45E07,7.109E+3,7.154E+3,-5.308E-1,
4.46E07,7.132E+3,7.122E+3,1.145E-1,
4.47E07,7.192E+3,7.091E+3,1.189E+0,
4.48E07,6.970E+3,7.060E+3,-1.081E+0,
4.49E07,6.920E+3,7.030E+3,-1.317E+0,
4.5E07,6.956E+3,6.999E+3,-5.166E-1,
4.51E07,6.928E+3,6.969E+3,-4.912E-1,
4.52E07,6.934E+3,6.939E+3,-5.913E-2,
4.53E07,6.918E+3,6.909E+3,1.058E-1,
4.54E07,6.992E+3,6.880E+3,1.343E+0,
4.55E07,6.736E+3,6.850E+3,-1.395E+0,
4.56E07,6.848E+3,6.821E+3,3.211E-1,
4.57E07,6.834E+3,6.793E+3,5.004E-1,
4.58E07,6.676E+3,6.764E+3,-1.078E+0,
4.59E07,6.770E+3,6.736E+3,4.165E-1,
4.6E07,6.638E+3,6.708E+3,-8.545E-1,
4.61E07,6.700E+3,6.680E+3,2.477E-1,
4.62E07,6.613E+3,6.652E+3,-4.802E-1,
4.63E07,6.695E+3,6.625E+3,8.604E-1,
4.64E07,6.685E+3,6.597E+3,1.072E+0,
4.65E07,6.510E+3,6.570E+3,-7.480E-1,
4.66E07,6.514E+3,6.544E+3,-3.661E-1,
4.67E07,6.523E+3,6.517E+3,7.485E-2,
4.68E07,6.306E+3,6.491E+3,-2.324E+0,
4.69E07,6.484E+3,6.464E+3,2.434E-1,
4.7E07,6.477E+3,6.438E+3,4.791E-1,
4.71E07,6.501E+3,6.413E+3,1.095E+0,
4.72E07,6.454E+3,6.387E+3,8.324E-1,
4.73E07,6.281E+3,6.362E+3,-1.019E+0,
4.74E07,6.546E+3,6.337E+3,2.588E+0,
4.75E07,6.196E+3,6.312E+3,-1.469E+0,
4.76E07,6.455E+3,6.287E+3,2.092E+0,
4.77E07,6.401E+3,6.262E+3,1.733E+0,
4.78E07,6.290E+3,6.238E+3,6.557E-1,
4.79E07,6.107E+3,6.214E+3,-1.367E+0,
4.8E07,6.258E+3,6.190E+3,8.615E-1,
4.81E07,6.243E+3,6.166E+3,9.738E-1,
4.82E07,6.192E+3,6.142E+3,6.296E-1,
4.83E07,6.154E+3,6.119E+3,4.456E-1,
4.84E07,6.198E+3,6.096E+3,1.298E+0,
4.85E07,6.091E+3,6.073E+3,2.335E-1,
4.86E07,6.035E+3,6.050E+3,-1.920E-1,
4.87E07,6.021E+3,6.027E+3,-8.038E-2,
4.88E07,6.028E+3,6.005E+3,2.996E-1,
4.89E07,5.894E+3,5.982E+3,-1.152E+0,
4.9E07,5.915E+3,5.960E+3,-5.886E-1,
4.91E07,5.895E+3,5.938E+3,-5.640E-1,
4.92E07,5.803E+3,5.917E+3,-1.490E+0,
4.93E07,6.021E+3,5.895E+3,1.625E+0,
4.94E07,5.892E+3,5.873E+3,2.419E-1,
4.95E07,5.886E+3,5.852E+3,4.411E-1,
4.96E07,5.862E+3,5.831E+3,4.043E-1,
4.97E07,5.794E+3,5.810E+3,-2.115E-1,
4.98E07,5.886E+3,5.789E+3,1.260E+0,
4.99E07,5.931E+3,5.769E+3,2.107E+0,
5E07,5.732E+3,5.748E+3,-2.147E-1,
5.01E07,5.693E+3,5.728E+3,-4.634E-1,
5.02E07,5.784E+3,5.708E+3,1.001E+0,
5.03E07,5.659E+3,5.688E+3,-3.838E-1,
5.04E07,5.608E+3,5.668E+3,-8.020E-1,
5.05E07,5.560E+3,5.648E+3,-1.186E+0,
5.06E07,5.497E+3,5.629E+3,-1.779E+0,
5.07E07,5.594E+3,5.610E+3,-2.081E-1,
5.08E07,5.612E+3,5.590E+3,2.886E-1,
5.09E07,5.571E+3,5.571E+3,-4.566E-3,
5.1E07,5.621E+3,5.552E+3,9.143E-1,
5.11E07,5.576E+3,5.534E+3,5.662E-1,
5.12E07,5.555E+3,5.515E+3,5.350E-1,
5.13E07,5.483E+3,5.497E+3,-1.849E-1,
5.14E07,5.494E+3,5.478E+3,2.106E-1,
5.15E07,5.495E+3,5.460E+3,4.689E-1,
5.16E07,5.528E+3,5.442E+3,1.153E+0,
5.17E07,5.472E+3,5.424E+3,6.438E-1,
5.18E07,5.403E+3,5.407E+3,-4.969E-2,
5.19E07,5.287E+3,5.389E+3,-1.404E+0,
5.2E07,5.345E+3,5.372E+3,-3.642E-1,
5.21E07,5.354E+3,5.354E+3,-4.451E-3,
5.22E07,5.320E+3,5.337E+3,-2.353E-1,
5.23E07,5.376E+3,5.320E+3,7.620E-1,
5.24E07,5.264E+3,5.303E+3,-5.408E-1,
5.25E07,5.338E+3,5.286E+3,7.053E-1,
5.26E07,5.386E+3,5.270E+3,1.583E+0,
5.27E07,5.341E+3,5.253E+3,1.199E+0,
5.28E07,5.268E+3,5.237E+3,4.274E-1,
5.29E07,5.163E+3,5.221E+3,-8.036E-1,
5.3E07,5.175E+3,5.205E+3,-4.120E-1,
5.31E07,5.236E+3,5.189E+3,6.543E-1,
5.32E07,5.266E+3,5.173E+3,1.284E+0,
5.33E07,5.110E+3,5.157E+3,-6.585E-1,
5.34E07,5.178E+3,5.141E+3,5.076E-1,
5.35E07,5.249E+3,5.126E+3,1.698E+0,
5.36E07,5.059E+3,5.111E+3,-7.259E-1,
5.37E07,5.106E+3,5.095E+3,1.484E-1,
5.38E07,5.138E+3,5.080E+3,8.052E-1,
5.39E07,5.026E+3,5.065E+3,-5.542E-1,
5.4E07,5.022E+3,5.050E+3,-4.010E-1,
5.41E07,5.037E+3,5.036E+3,1.894E-2,
5.42E07,5.045E+3,5.021E+3,3.377E-1,
5.43E07,5.022E+3,5.006E+3,2.189E-1,
5.44E07,4.924E+3,4.992E+3,-9.702E-1,
5.45E07,4.929E+3,4.978E+3,-6.949E-1,
5.46E07,4.937E+3,4.964E+3,-3.786E-1,
5.47E07,5.083E+3,4.950E+3,1.872E+0,
5.48E07,4.926E+3,4.936E+3,-1.364E-1,
5.49E07,4.917E+3,4.922E+3,-6.740E-2,
5.5E07,4.885E+3,4.908E+3,-3.289E-1,
5.51E07,4.810E+3,4.894E+3,-1.216E+0,
5.52E07,4.938E+3,4.881E+3,8.135E-1,
5.53E07,4.880E+3,4.867E+3,1.800E-1,
5.54E07,4.816E+3,4.854E+3,-5.492E-1,
5.55E07,4.682E+3,4.841E+3,-2.322E+0,
5.56E07,4.761E+3,4.828E+3,-9.684E-1,
5.57E07,4.850E+3,4.815E+3,5.051E-1,
5.58E07,4.717E+3,4.802E+3,-1.237E+0,
5.59E07,4.868E+3,4.789E+3,1.130E+0,
5.6E07,4.817E+3,4.776E+3,5.842E-1,
5.61E07,4.697E+3,4.764E+3,-9.757E-1,
5.62E07,4.846E+3,4.751E+3,1.359E+0,
5.63E07,4.783E+3,4.739E+3,6.363E-1,
5.64E07,4.741E+3,4.727E+3,2.076E-1,
5.65E07,4.640E+3,4.715E+3,-1.094E+0,
5.66E07,4.546E+3,4.702E+3,-2.320E+0,
5.67E07,4.770E+3,4.690E+3,1.152E+0,
5.68E07,4.685E+3,4.679E+3,9.481E-2,
5.69E07,4.540E+3,4.667E+3,-1.880E+0,
5.7E07,4.763E+3,4.655E+3,1.565E+0,
5.71E07,4.616E+3,4.643E+3,-4.027E-1,
5.72E07,4.690E+3,4.632E+3,8.494E-1,
5.73E07,4.525E+3,4.620E+3,-1.418E+0,
5.74E07,4.671E+3,4.609E+3,9.066E-1,
5.75E07,4.567E+3,4.598E+3,-4.554E-1,
5.76E07,4.596E+3,4.587E+3,1.386E-1,
5.77E07,4.544E+3,4.576E+3,-4.677E-1,
5.78E07,4.531E+3,4.565E+3,-4.981E-1,
5.79E07,4.611E+3,4.554E+3,8.450E-1,
5.8E07,4.401E+3,4.543E+3,-2.138E+0,
5.81E07,4.567E+3,4.532E+3,5.169E-1,
5.82E07,4.527E+3,4.521E+3,8.296E-2,
5.83E07,4.465E+3,4.511E+3,-6.862E-1,
5.84E07,4.508E+3,4.500E+3,1.136E-1,
5.85E07,4.451E+3,4.490E+3,-5.841E-1,
5.86E07,4.553E+3,4.480E+3,1.087E+0,
5.87E07,4.457E+3,4.469E+3,-1.861E-1,
5.88E07,4.349E+3,4.459E+3,-1.672E+0,
5.89E07,4.502E+3,4.449E+3,7.870E-1,
5.9E07,4.428E+3,4.439E+3,-1.683E-1,
5.91E07,4.510E+3,4.429E+3,1.202E+0,
5.92E07,4.419E+3,4.419E+3,-6.802E-3,
5.93E07,4.379E+3,4.410E+3,-4.639E-1,
5.94E07,4.310E+3,4.400E+3,-1.371E+0,
5.95E07,4.371E+3,4.390E+3,-2.936E-1,
5.96E07,4.402E+3,4.381E+3,3.183E-1,
5.97E07,4.339E+3,4.371E+3,-4.924E-1,
5.98E07,4.250E+3,4.362E+3,-1.719E+0,
5.99E07,4.332E+3,4.353E+3,-3.153E-1,
6E07,4.358E+3,4.344E+3,2.193E-1,
6.01E07,4.359E+3,4.334E+3,3.731E-1,
6.02E07,4.348E+3,4.325E+3,3.445E-1,
6.03E07,4.290E+3,4.316E+3,-4.012E-1,
6.04E07,4.384E+3,4.307E+3,1.158E+0,
6.05E07,4.291E+3,4.298E+3,-1.140E-1,
6.06E07,4.149E+3,4.290E+3,-2.184E+0,
6.07E07,4.274E+3,4.281E+3,-1.061E-1,
6.08E07,4.298E+3,4.272E+3,3.923E-1,
6.09E07,4.295E+3,4.264E+3,4.778E-1,
6.1E07,4.288E+3,4.255E+3,5.014E-1,
6.11E07,4.346E+3,4.247E+3,1.506E+0,
6.12E07,4.333E+3,4.238E+3,1.438E+0,
6.13E07,4.339E+3,4.230E+3,1.655E+0,
6.14E07,4.102E+3,4.222E+3,-1.870E+0,
6.15E07,4.366E+3,4.214E+3,2.307E+0,
6.16E07,4.188E+3,4.205E+3,-2.693E-1,
6.17E07,4.154E+3,4.197E+3,-6.729E-1,
6.18E07,4.236E+3,4.189E+3,7.165E-1,
6.19E07,4.192E+3,4.181E+3,1.632E-1,
6.2E07,4.245E+3,4.174E+3,1.096E+0,
6.21E07,4.311E+3,4.166E+3,2.212E+0,
6.22E07,4.125E+3,4.158E+3,-5.140E-1,
6.23E07,4.186E+3,4.150E+3,5.514E-1,
6.24E07,4.337E+3,4.143E+3,2.950E+0,
6.25E07,4.160E+3,4.135E+3,3.855E-1,
6.26E07,4.149E+3,4.128E+3,3.317E-1,
6.27E07,4.131E+3,4.120E+3,1.682E-1,
6.28E07,4.196E+3,4.113E+3,1.284E+0,
6.29E07,4.091E+3,4.105E+3,-2.263E-1,
6.3E07,4.036E+3,4.098E+3,-9.792E-1,
6.31E07,4.082E+3,4.091E+3,-1.408E-1,
6.32E07,4.029E+3,4.084E+3,-8.640E-1,
6.33E07,4.094E+3,4.077E+3,2.697E-1,
6.34E07,4.014E+3,4.070E+3,-8.792E-1,
6.35E07,4.059E+3,4.063E+3,-5.832E-2,
6.36E07,4.076E+3,4.056E+3,3.166E-1,
6.37E07,4.061E+3,4.049E+3,1.897E-1,
6.38E07,4.039E+3,4.042E+3,-4.861E-2,
6.39E07,4.031E+3,4.035E+3,-6.809E-2,
64000005.000000,4.042E+3,4.029E+3,2.106E-1,
64100005.000000,3.991E+3,4.022E+3,-4.899E-1,
64200005.000000,4.007E+3,4.015E+3,-1.318E-1,
64300005.000000,3.986E+3,4.009E+3,-3.609E-1,
64400005.000000,4.019E+3,4.002E+3,2.637E-1,
64500005.000000,4.003E+3,3.996E+3,1.133E-1,
64600005.000000,3.970E+3,3.989E+3,-3.084E-1,
64700005.000000,4.029E+3,3.983E+3,7.234E-1,
64800005.000000,4.009E+3,3.977E+3,5.088E-1,
64900005.000000,4.010E+3,3.971E+3,6.232E-1,
65000005.000000,4.001E+3,3.964E+3,5.796E-1,
65100005.000000,4.007E+3,3.958E+3,7.711E-1,
65200005.000000,3.890E+3,3.952E+3,-9.954E-1,
65300005.000000,4.018E+3,3.946E+3,1.135E+0,
65400005.000000,4.044E+3,3.940E+3,1.635E+0,
65500005.000000,4.060E+3,3.934E+3,1.976E+0,
65600005.000000,3.853E+3,3.928E+3,-1.211E+0,
65700005.000000,3.906E+3,3.922E+3,-2.607E-1,
65800005.000000,3.919E+3,3.916E+3,4.030E-2,
65900005.000000,3.775E+3,3.911E+3,-2.209E+0,
66000005.000000,3.961E+3,3.905E+3,8.901E-1,
66100005.000000,3.963E+3,3.899E+3,1.012E+0,
66200005.000000,4.025E+3,3.894E+3,2.070E+0,
66300005.000000,3.880E+3,3.888E+3,-1.296E-1,
66400005.000000,3.851E+3,3.883E+3,-5.081E-1,
66500005.000000,3.892E+3,3.877E+3,2.400E-1,
66600005.000000,3.841E+3,3.872E+3,-4.932E-1,
66700005.000000,3.820E+3,3.866E+3,-7.467E-1,
66800005.000000,3.949E+3,3.861E+3,1.404E+0,
66900005.000000,3.907E+3,3.855E+3,8.247E-1,
67000005.000000,3.777E+3,3.850E+3,-1.190E+0,
67100005.000000,3.868E+3,3.845E+3,3.711E-1,
67200005.000000,3.887E+3,3.840E+3,7.584E-1,
67300005.000000,3.737E+3,3.835E+3,-1.596E+0,
67400005.000000,3.758E+3,3.829E+3,-1.165E+0,
67500005.000000,3.923E+3,3.824E+3,1.575E+0,
67600005.000000,3.815E+3,3.819E+3,-6.975E-2,
67700005.000000,3.788E+3,3.814E+3,-4.274E-1,
67800005.000000,3.659E+3,3.809E+3,-2.485E+0,
67900005.000000,3.681E+3,3.804E+3,-2.034E+0,
68000005.000000,3.818E+3,3.800E+3,2.987E-1,
68100005.000000,3.874E+3,3.795E+3,1.274E+0,
68200005.000000,3.780E+3,3.790E+3,-1.609E-1,
68300005.000000,3.852E+3,3.785E+3,1.078E+0,
68400005.000000,3.748E+3,3.780E+3,-5.291E-1,
68500005.000000,3.754E+3,3.776E+3,-3.542E-1,
68600005.000000,3.813E+3,3.771E+3,6.795E-1,
68700005.000000,3.855E+3,3.766E+3,1.427E+0,
68800005.000000,3.781E+3,3.762E+3,3.115E-1,
68900005.000000,3.778E+3,3.757E+3,3.368E-1,
69000005.000000,3.727E+3,3.753E+3,-4.224E-1,
69100005.000000,3.724E+3,3.748E+3,-3.984E-1,
69200005.000000,3.839E+3,3.744E+3,1.535E+0,
69300005.000000,3.680E+3,3.739E+3,-9.804E-1,
69400005.000000,3.758E+3,3.735E+3,3.735E-1,
69500005.000000,3.822E+3,3.731E+3,1.476E+0,
69600005.000000,3.750E+3,3.726E+3,3.842E-1,
69700005.000000,3.798E+3,3.722E+3,1.230E+0,
69800005.000000,3.639E+3,3.718E+3,-1.309E+0,
69900005.000000,3.661E+3,3.714E+3,-8.723E-1,
70000005.000000,3.738E+3,3.710E+3,4.643E-1,
70100005.000000,3.647E+3,3.705E+3,-9.684E-1,
70200005.000000,3.695E+3,3.701E+3,-1.050E-1,
70300005.000000,3.720E+3,3.697E+3,3.719E-1,
70400006.000000,3.771E+3,3.693E+3,1.266E+0,
70500006.000000,3.694E+3,3.689E+3,7.768E-2,
70600006.000000,3.721E+3,3.685E+3,5.851E-1,
70700006.000000,3.744E+3,3.681E+3,1.024E+0,
70800006.000000,3.577E+3,3.677E+3,-1.680E+0,
70900006.000000,3.687E+3,3.674E+3,2.209E-1,
71000006.000000,3.748E+3,3.670E+3,1.278E+0,
71100006.000000,3.608E+3,3.666E+3,-9.643E-1,
71200006.000000,3.700E+3,3.662E+3,6.225E-1,
71300006.000000,3.661E+3,3.658E+3,4.327E-2,
71400006.000000,3.647E+3,3.655E+3,-1.268E-1,
71500006.000000,3.675E+3,3.651E+3,3.965E-1,
71600006.000000,3.528E+3,3.647E+3,-2.008E+0,
71700006.000000,3.598E+3,3.644E+3,-7.611E-1,
71800006.000000,3.549E+3,3.640E+3,-1.528E+0,
71900006.000000,3.756E+3,3.636E+3,1.950E+0,
72000006.000000,3.648E+3,3.633E+3,2.498E-1,
72100006.000000,3.458E+3,3.629E+3,-2.915E+0,
72200006.000000,3.689E+3,3.626E+3,1.039E+0,
72300006.000000,3.664E+3,3.622E+3,6.868E-1,
72400006.000000,3.635E+3,3.619E+3,2.656E-1,
72500006.000000,3.551E+3,3.616E+3,-1.084E+0,
72600006.000000,3.600E+3,3.612E+3,-2.031E-1,
72700006.000000,3.633E+3,3.609E+3,4.011E-1,
72800006.000000,3.604E+3,3.605E+3,-2.488E-2,
72900006.000000,3.569E+3,3.602E+3,-5.555E-1,
73000006.000000,3.661E+3,3.599E+3,1.026E+0,
73100006.000000,3.488E+3,3.596E+3,-1.823E+0,
73200006.000000,3.543E+3,3.592E+3,-8.303E-1,
73300006.000000,3.658E+3,3.589E+3,1.137E+0,
73400006.000000,3.373E+3,3.586E+3,-3.668E+0,
73500006.000000,3.531E+3,3.583E+3,-8.733E-1,
73600006.000000,3.587E+3,3.580E+3,1.208E-1,
73700006.000000,3.645E+3,3.577E+3,1.132E+0,
73800006.000000,3.556E+3,3.574E+3,-2.949E-1,
73900006.000000,3.520E+3,3.571E+3,-8.517E-1,
74000006.000000,3.632E+3,3.568E+3,1.070E+0,
74100006.000000,3.684E+3,3.564E+3,1.969E+0,
74200006.000000,3.467E+3,3.562E+3,-1.605E+0,
74300006.000000,3.539E+3,3.559E+3,-3.287E-1,
74400006.000000,3.577E+3,3.556E+3,3.575E-1,
74500006.000000,3.540E+3,3.553E+3,-2.136E-1,
74600006.000000,3.556E+3,3.550E+3,1.036E-1,
74700006.000000,3.541E+3,3.547E+3,-1.001E-1,
74800006.000000,3.457E+3,3.544E+3,-1.482E+0,
74900006.000000,3.633E+3,3.541E+3,1.521E+0,
75000006.000000,3.467E+3,3.538E+3,-1.214E+0,
75100006.000000,3.476E+3,3.536E+3,-1.013E+0,
75200006.000000,3.498E+3,3.533E+3,-5.912E-1,
75300006.000000,3.522E+3,3.530E+3,-1.388E-1,
75400006.000000,3.574E+3,3.528E+3,7.774E-1,
75500006.000000,3.555E+3,3.525E+3,5.059E-1,
75600006.000000,3.508E+3,3.522E+3,-2.392E-1,
75700006.000000,3.629E+3,3.520E+3,1.817E+0,
75800006.000000,3.604E+3,3.517E+3,1.451E+0,
75900006.000000,3.486E+3,3.514E+3,-4.792E-1,
76000006.000000,3.572E+3,3.512E+3,1.009E+0,
76100006.000000,3.431E+3,3.509E+3,-1.334E+0,
76200006.000000,3.507E+3,3.507E+3,6.675E-3,
76300006.000000,3.417E+3,3.504E+3,-1.490E+0,
76400006.000000,3.528E+3,3.502E+3,4.448E-1,
76500006.000000,3.634E+3,3.499E+3,2.238E+0,
76600006.000000,3.529E+3,3.497E+3,5.448E-1,
76700006.000000,3.520E+3,3.494E+3,4.350E-1,
76800006.000000,3.439E+3,3.492E+3,-8.998E-1,
76900006.000000,3.565E+3,3.489E+3,1.267E+0,
77000006.000000,3.434E+3,3.487E+3,-9.040E-1,
77100006.000000,3.438E+3,3.485E+3,-7.949E-1,
77200006.000000,3.557E+3,3.482E+3,1.253E+0,
77300006.000000,3.515E+3,3.480E+3,5.916E-1,
77400006.000000,3.462E+3,3.478E+3,-2.654E-1,
77500006.000000,3.298E+3,3.475E+3,-3.088E+0,
77600006.000000,3.444E+3,3.473E+3,-4.950E-1,
77700006.000000,3.439E+3,3.471E+3,-5.421E-1,
77800006.000000,3.549E+3,3.469E+3,1.350E+0,
77900006.000000,3.376E+3,3.466E+3,-1.555E+0,
78000006.000000,3.475E+3,3.464E+3,1.844E-1,
78100006.000000,3.498E+3,3.462E+3,6.097E-1,
78200006.000000,3.502E+3,3.460E+3,7.136E-1,
78300006.000000,3.442E+3,3.458E+3,-2.663E-1,
78400006.000000,3.417E+3,3.455E+3,-6.584E-1,
78500006.000000,3.390E+3,3.453E+3,-1.088E+0,
78600006.000000,3.383E+3,3.451E+3,-1.174E+0,
78700006.000000,3.473E+3,3.449E+3,4.041E-1,
78800006.000000,3.495E+3,3.447E+3,8.099E-1,
78900006.000000,3.543E+3,3.445E+3,1.645E+0,
79000006.000000,3.402E+3,3.443E+3,-7.035E-1,
79100006.000000,3.423E+3,3.441E+3,-3.079E-1,
79200006.000000,3.507E+3,3.439E+3,1.148E+0,
79300006.000000,3.442E+3,3.437E+3,8.485E-2,
79400006.000000,3.434E+3,3.435E+3,-1.793E-2,
79500006.000000,3.361E+3,3.433E+3,-1.244E+0,
79600006.000000,3.437E+3,3.431E+3,9.970E-2,
79700006.000000,3.482E+3,3.429E+3,8.943E-1,
79800006.000000,3.543E+3,3.427E+3,1.943E+0,
79900006.000000,3.433E+3,3.425E+3,1.293E-1,
80000006.000000,3.474E+3,3.424E+3,8.560E-1,
80100006.000000,3.373E+3,3.422E+3,-8.382E-1,
80200006.000000,3.507E+3,3.420E+3,1.472E+0,
80300006.000000,3.417E+3,3.418E+3,-1.707E-2,
80400006.000000,3.479E+3,3.416E+3,1.065E+0,
80500006.000000,3.368E+3,3.414E+3,-7.990E-1,
80600006.000000,3.578E+3,3.413E+3,2.765E+0,
80700006.000000,3.480E+3,3.411E+3,1.173E+0,
80800006.000000,3.307E+3,3.409E+3,-1.774E+0,
80900006.000000,3.444E+3,3.407E+3,6.256E-1,
81000006.000000,3.325E+3,3.406E+3,-1.397E+0,
81100006.000000,3.449E+3,3.404E+3,7.691E-1,
81200006.000000,3.459E+3,3.402E+3,9.671E-1,
81300006.000000,3.378E+3,3.400E+3,-3.859E-1,
81400006.000000,3.356E+3,3.399E+3,-7.379E-1,
81500006.000000,3.339E+3,3.397E+3,-1.005E+0,
81600006.000000,3.335E+3,3.395E+3,-1.046E+0,
81700006.000000,3.376E+3,3.394E+3,-3.061E-1,
81800006.000000,3.420E+3,3.392E+3,4.762E-1,
81900006.000000,3.479E+3,3.391E+3,1.500E+0,
82000006.000000,3.497E+3,3.389E+3,1.827E+0,
82100006.000000,3.523E+3,3.387E+3,2.285E+0,
82200006.000000,3.320E+3,3.386E+3,-1.141E+0,
82300006.000000,3.400E+3,3.384E+3,2.709E-1,
82400006.000000,3.373E+3,3.383E+3,-1.662E-1,
82500006.000000,3.457E+3,3.381E+3,1.291E+0,
82600006.000000,3.314E+3,3.380E+3,-1.139E+0,
82700006.000000,3.361E+3,3.378E+3,-2.944E-1,
82800006.000000,3.318E+3,3.377E+3,-1.017E+0,
82900006.000000,3.398E+3,3.375E+3,3.934E-1,
83000006.000000,3.458E+3,3.374E+3,1.435E+0,
83100006.000000,3.325E+3,3.372E+3,-8.172E-1,
83200007.000000,3.388E+3,3.371E+3,2.978E-1,
83300007.000000,3.323E+3,3.369E+3,-8.018E-1,
83400007.000000,3.330E+3,3.368E+3,-6.548E-1,
83500007.000000,3.369E+3,3.366E+3,4.545E-2,
83600007.000000,3.333E+3,3.365E+3,-5.534E-1,
83700007.000000,3.326E+3,3.364E+3,-6.511E-1,
83800007.000000,3.393E+3,3.362E+3,5.294E-1,
83900007.000000,3.358E+3,3.361E+3,-4.803E-2,
84000007.000000,3.356E+3,3.359E+3,-5.897E-2,
84100007.000000,3.328E+3,3.358E+3,-5.211E-1,
84200007.000000,3.264E+3,3.357E+3,-1.623E+0,
84300007.000000,3.403E+3,3.355E+3,8.163E-1,
84400007.000000,3.241E+3,3.354E+3,-1.986E+0,
84500007.000000,3.367E+3,3.353E+3,2.457E-1,
84600007.000000,3.273E+3,3.351E+3,-1.371E+0,
84700007.000000,3.370E+3,3.350E+3,3.420E-1,
84800007.000000,3.343E+3,3.349E+3,-1.014E-1,
84900007.000000,3.325E+3,3.348E+3,-3.918E-1,
85000007.000000,3.303E+3,3.346E+3,-7.539E-1,
85100007.000000,3.370E+3,3.345E+3,4.294E-1,
85200007.000000,3.315E+3,3.344E+3,-5.008E-1,
85300007.000000,3.294E+3,3.343E+3,-8.468E-1,
85400007.000000,3.299E+3,3.341E+3,-7.378E-1,
85500007.000000,3.396E+3,3.340E+3,9.582E-1,
85600007.000000,3.386E+3,3.339E+3,8.084E-1,
85700007.000000,3.406E+3,3.338E+3,1.169E+0,
85800007.000000,3.328E+3,3.337E+3,-1.487E-1,
85900007.000000,3.298E+3,3.335E+3,-6.514E-1,
86000007.000000,3.322E+3,3.334E+3,-2.124E-1,
86100007.000000,3.408E+3,3.333E+3,1.283E+0,
86200007.000000,3.454E+3,3.332E+3,2.077E+0,
86300007.000000,3.332E+3,3.331E+3,2.083E-2,
86400007.000000,3.303E+3,3.330E+3,-4.640E-1,
86500007.000000,3.302E+3,3.329E+3,-4.620E-1,
86600007.000000,3.224E+3,3.327E+3,-1.822E+0,
86700007.000000,3.261E+3,3.326E+3,-1.144E+0,
86800007.000000,3.347E+3,3.325E+3,3.761E-1,
86900007.000000,3.364E+3,3.324E+3,6.870E-1,
87000007.000000,3.280E+3,3.323E+3,-7.522E-1,
87100007.000000,3.348E+3,3.322E+3,4.492E-1,
87200007.000000,3.336E+3,3.321E+3,2.606E-1,
87300007.000000,3.293E+3,3.320E+3,-4.687E-1,
87400007.000000,3.524E+3,3.319E+3,3.456E+0,
87500007.000000,3.378E+3,3.318E+3,1.035E+0,
87600007.000000,3.383E+3,3.317E+3,1.138E+0,
87700007.000000,3.216E+3,3.316E+3,-1.759E+0,
87800007.000000,3.246E+3,3.315E+3,-1.207E+0,
87900007.000000,3.278E+3,3.314E+3,-6.246E-1,
88000007.000000,3.183E+3,3.313E+3,-2.300E+0,
88100007.000000,3.297E+3,3.312E+3,-2.574E-1,
88200007.000000,3.329E+3,3.311E+3,3.154E-1,
88300007.000000,3.347E+3,3.310E+3,6.425E-1,
88400007.000000,3.278E+3,3.309E+3,-5.391E-1,
88500007.000000,3.344E+3,3.308E+3,6.241E-1,
88600007.000000,3.320E+3,3.307E+3,2.262E-1,
88700007.000000,3.251E+3,3.306E+3,-9.650E-1,
88800007.000000,3.244E+3,3.305E+3,-1.073E+0,
88900007.000000,3.298E+3,3.304E+3,-1.074E-1,
89000007.000000,3.293E+3,3.303E+3,-1.786E-1,
89100007.000000,3.343E+3,3.302E+3,7.033E-1,
89200007.000000,3.286E+3,3.301E+3,-2.692E-1,
89300007.000000,3.334E+3,3.301E+3,5.796E-1,
89400007.000000,3.230E+3,3.300E+3,-1.225E+0,
89500007.000000,3.277E+3,3.299E+3,-3.802E-1,
89600007.000000,3.256E+3,3.298E+3,-7.341E-1,
89700007.000000,3.344E+3,3.297E+3,8.124E-1,
89800007.000000,3.337E+3,3.296E+3,7.070E-1,
89900007.000000,3.363E+3,3.295E+3,1.167E+0,
90000007.000000,3.192E+3,3.294E+3,-1.813E+0,
90100007.000000,3.334E+3,3.294E+3,6.995E-1,
90200007.000000,3.345E+3,3.293E+3,9.029E-1,
90300007.000000,3.233E+3,3.292E+3,-1.037E+0,
90400007.000000,3.272E+3,3.291E+3,-3.344E-1,
90500007.000000,3.213E+3,3.290E+3,-1.364E+0,
90600007.000000,3.244E+3,3.290E+3,-7.989E-1,
90700007.000000,3.265E+3,3.289E+3,-4.148E-1,
90800007.000000,3.303E+3,3.288E+3,2.626E-1,
90900007.000000,3.230E+3,3.287E+3,-1.005E+0,
91000007.000000,3.207E+3,3.286E+3,-1.401E+0,
91100007.000000,3.288E+3,3.286E+3,4.260E-2,
91200007.000000,3.319E+3,3.285E+3,5.939E-1,
91300007.000000,3.225E+3,3.284E+3,-1.039E+0,
91400007.000000,3.275E+3,3.283E+3,-1.444E-1,
91500007.000000,3.321E+3,3.283E+3,6.679E-1,
91600007.000000,3.322E+3,3.282E+3,6.981E-1,
91700007.000000,3.299E+3,3.281E+3,3.130E-1,
91800007.000000,3.231E+3,3.280E+3,-8.671E-1,
91900007.000000,3.231E+3,3.280E+3,-8.543E-1,
92000007.000000,3.295E+3,3.279E+3,2.816E-1,
92100007.000000,3.263E+3,3.278E+3,-2.647E-1,
92200007.000000,3.313E+3,3.277E+3,6.184E-1,
92300007.000000,3.263E+3,3.277E+3,-2.398E-1,
92400007.000000,3.352E+3,3.276E+3,1.313E+0,
92500007.000000,3.257E+3,3.275E+3,-3.207E-1,
92600007.000000,3.278E+3,3.275E+3,5.914E-2,
92700007.000000,3.223E+3,3.274E+3,-8.971E-1,
92800007.000000,3.249E+3,3.273E+3,-4.255E-1,
92900007.000000,3.267E+3,3.273E+3,-9.759E-2,
93000007.000000,3.260E+3,3.272E+3,-2.086E-1,
93100007.000000,3.244E+3,3.271E+3,-4.784E-1,
93200007.000000,3.319E+3,3.271E+3,8.403E-1,
93300007.000000,3.410E+3,3.270E+3,2.399E+0,
93400007.000000,3.323E+3,3.269E+3,9.317E-1,
93500007.000000,3.406E+3,3.269E+3,2.353E+0,
93600007.000000,3.235E+3,3.268E+3,-5.804E-1,
93700007.000000,3.206E+3,3.267E+3,-1.084E+0,
93800007.000000,3.267E+3,3.267E+3,4.323E-3,
93900007.000000,3.339E+3,3.266E+3,1.261E+0,
94000007.000000,3.245E+3,3.266E+3,-3.601E-1,
94100007.000000,3.233E+3,3.265E+3,-5.611E-1,
94200007.000000,3.314E+3,3.264E+3,8.634E-1,
94300007.000000,3.176E+3,3.264E+3,-1.556E+0,
94400007.000000,3.395E+3,3.263E+3,2.264E+0,
94500007.000000,3.304E+3,3.263E+3,7.219E-1,
94600007.000000,3.121E+3,3.262E+3,-2.522E+0,
94700007.000000,3.168E+3,3.261E+3,-1.658E+0,
94800007.000000,3.261E+3,3.261E+3,4.352E-3,
94900007.000000,3.260E+3,3.260E+3,-3.104E-3,
95000007.000000,3.269E+3,3.260E+3,1.643E-1,
95100007.000000,3.162E+3,3.259E+3,-1.726E+0,
95200007.000000,3.273E+3,3.258E+3,2.538E-1,
95300007.000000,3.199E+3,3.258E+3,-1.042E+0,
95400007.000000,3.258E+3,3.257E+3,1.098E-2,
95500007.000000,3.254E+3,3.257E+3,-4.954E-2,
95600007.000000,3.367E+3,3.256E+3,1.908E+0,
95700007.000000,3.240E+3,3.256E+3,-2.766E-1,
95800007.000000,3.124E+3,3.255E+3,-2.348E+0,
95900007.000000,3.315E+3,3.255E+3,1.048E+0,
96000008.000000,3.221E+3,3.254E+3,-5.842E-1,
96100008.000000,3.258E+3,3.254E+3,7.655E-2,
96200008.000000,3.305E+3,3.253E+3,9.026E-1,
96300008.000000,3.290E+3,3.253E+3,6.521E-1,
96400008.000000,3.311E+3,3.252E+3,1.024E+0,
96500008.000000,3.166E+3,3.252E+3,-1.521E+0,
96600008.000000,3.344E+3,3.251E+3,1.607E+0,
96700008.000000,3.176E+3,3.251E+3,-1.323E+0,
96800008.000000,3.327E+3,3.250E+3,1.333E+0,
96900008.000000,3.231E+3,3.250E+3,-3.272E-1,
97000008.000000,3.230E+3,3.249E+3,-3.363E-1,
97100008.000000,3.196E+3,3.249E+3,-9.310E-1,
97200008.000000,3.211E+3,3.248E+3,-6.557E-1,
97300008.000000,3.251E+3,3.248E+3,5.822E-2,
97400008.000000,3.236E+3,3.247E+3,-1.971E-1,
97500008.000000,3.297E+3,3.247E+3,8.753E-1,
97600008.000000,3.266E+3,3.246E+3,3.451E-1,
97700008.000000,3.188E+3,3.246E+3,-1.024E+0,
97800008.000000,3.235E+3,3.245E+3,-1.822E-1,
97900008.000000,3.190E+3,3.245E+3,-9.722E-1,
98000008.000000,3.221E+3,3.244E+3,-4.134E-1,
98100008.000000,3.248E+3,3.244E+3,6.987E-2,
98200008.000000,3.176E+3,3.244E+3,-1.199E+0,
98300008.000000,3.244E+3,3.243E+3,1.514E-2,
98400008.000000,3.266E+3,3.243E+3,4.076E-1,
98500008.000000,3.203E+3,3.242E+3,-6.939E-1,
98600008.000000,3.262E+3,3.242E+3,3.529E-1,
98700008.000000,3.270E+3,3.241E+3,4.998E-1,
98800008.000000,3.189E+3,3.241E+3,-9.208E-1,
98900008.000000,3.225E+3,3.241E+3,-2.744E-1,
99000008.000000,3.258E+3,3.240E+3,3.124E-1,
99100008.000000,3.284E+3,3.240E+3,7.721E-1,
99200008.000000,3.210E+3,3.239E+3,-5.180E-1,
99300008.000000,3.344E+3,3.239E+3,1.817E+0,
99400008.000000,3.278E+3,3.239E+3,6.892E-1,
99500008.000000,3.225E+3,3.238E+3,-2.314E-1,
99600008.000000,3.309E+3,3.238E+3,1.239E+0,
99700008.000000,3.261E+3,3.237E+3,4.140E-1,
99800008.000000,3.174E+3,3.237E+3,-1.118E+0,
99900008.000000,3.235E+3,3.237E+3,-2.781E-2,
