Water (400mA 10ms)

Labels,Decay60,Decay60F1,Decay60F1R,
Type,Time Scan,Exponential Fit Time Scan,Weighted Residuals Time Scan,
Comment,,,,
Start,0.00,1.01E07,1.01E07,
Stop,99900008.000000,99900008.000000,99900008.000000,
Step,1E05,1E05,1E05,
Fixed/Offset, , , ,
XAxis,Time,Time,Time,
YAxis,Counts,Counts,Counts,

0.00,3.229E+3, , ,
1E05,4.883E+3, , ,
2E05,5.862E+3, , ,
3E05,6.717E+3, , ,
4E05,7.810E+3, , ,
5E05,8.581E+3, , ,
6E05,9.500E+3, , ,
700000.050000,1.025E+4, , ,
800000.060000,1.123E+4, , ,
900000.070000,1.215E+4, , ,
1E06,1.318E+4, , ,
1.1E06,1.369E+4, , ,
1.2E06,1.473E+4, , ,
1.3E06,1.545E+4, , ,
1.4E06,1.622E+4, , ,
1.5E06,1.718E+4, , ,
1.6E06,1.772E+4, , ,
1.7E06,1.847E+4, , ,
1.8E06,1.942E+4, , ,
1.9E06,2.029E+4, , ,
2E06,2.097E+4, , ,
2.1E06,2.150E+4, , ,
2.2E06,2.234E+4, , ,
2.3E06,2.330E+4, , ,
2.4E06,2.407E+4, , ,
2.5E06,2.440E+4, , ,
2.6E06,2.523E+4, , ,
2.7E06,2.597E+4, , ,
2.8E06,2.673E+4, , ,
2.9E06,2.730E+4, , ,
3E06,2.817E+4, , ,
3.1E06,2.899E+4, , ,
3.2E06,2.982E+4, , ,
3.3E06,3.006E+4, , ,
3.4E06,3.061E+4, , ,
3.5E06,3.138E+4, , ,
3.6E06,3.226E+4, , ,
3.7E06,3.279E+4, , ,
3.8E06,3.345E+4, , ,
3.9E06,3.388E+4, , ,
4E06,3.470E+4, , ,
4.1E06,3.542E+4, , ,
4.2E06,3.533E+4, , ,
4.3E06,3.621E+4, , ,
4.4E06,3.724E+4, , ,
4.5E06,3.758E+4, , ,
4.6E06,3.824E+4, , ,
4.7E06,3.893E+4, , ,
4.8E06,3.958E+4, , ,
4.9E06,4.003E+4, , ,
5E06,4.056E+4, , ,
5.1E06,4.139E+4, , ,
5.2E06,4.166E+4, , ,
5.3E06,4.224E+4, , ,
5.4E06,4.262E+4, , ,
5.5E06,4.301E+4, , ,
5.6E06,4.400E+4, , ,
5.7E06,4.414E+4, , ,
5.8E06,4.522E+4, , ,
5.9E06,4.573E+4, , ,
6E06,4.616E+4, , ,
6.1E06,4.652E+4, , ,
6.2E06,4.702E+4, , ,
6.3E06,4.740E+4, , ,
6400000.500000,4.794E+4, , ,
6500000.500000,4.863E+4, , ,
6600000.500000,4.927E+4, , ,
6700000.500000,4.964E+4, , ,
6800000.500000,4.970E+4, , ,
6900000.500000,5.037E+4, , ,
7000000.500000,5.092E+4, , ,
7100000.600000,5.150E+4, , ,
7200000.600000,5.200E+4, , ,
7300000.600000,5.201E+4, , ,
7400000.600000,5.298E+4, , ,
7500000.600000,5.320E+4, , ,
7600000.600000,5.373E+4, , ,
7700000.600000,5.448E+4, , ,
7800000.600000,5.466E+4, , ,
7900000.600000,5.512E+4, , ,
8000000.600000,5.544E+4, , ,
8100000.600000,5.589E+4, , ,
8200000.600000,5.669E+4, , ,
8300000.600000,5.634E+4, , ,
8400000.700000,5.732E+4, , ,
8500000.700000,5.770E+4, , ,
8600000.700000,5.815E+4, , ,
8700000.700000,5.774E+4, , ,
8800000.700000,5.908E+4, , ,
8900000.700000,5.932E+4, , ,
9000000.700000,5.993E+4, , ,
9100000.700000,5.990E+4, , ,
9200000.700000,6.094E+4, , ,
9300000.700000,6.065E+4, , ,
9400000.700000,6.149E+4, , ,
9500000.700000,6.174E+4, , ,
9600000.800000,6.189E+4, , ,
9700000.800000,6.230E+4, , ,
9800000.800000,6.284E+4, , ,
9900000.800000,6.327E+4, , ,
1E07,6.347E+4, , ,
1.01E07,6.221E+4,6.178E+4,1.744E+0,
1.02E07,6.162E+4,6.131E+4,1.270E+0,
1.03E07,6.119E+4,6.084E+4,1.410E+0,
1.04E07,6.093E+4,6.038E+4,2.254E+0,
1.05E07,6.019E+4,5.992E+4,1.098E+0,
1.06E07,5.978E+4,5.946E+4,1.295E+0,
1.07E07,5.917E+4,5.901E+4,6.587E-1,
1.08E07,5.859E+4,5.856E+4,1.002E-1,
1.09E07,5.818E+4,5.812E+4,2.308E-1,
1.1E07,5.808E+4,5.768E+4,1.670E+0,
1.11E07,5.741E+4,5.724E+4,6.962E-1,
1.12E07,5.716E+4,5.681E+4,1.471E+0,
1.13E07,5.642E+4,5.638E+4,1.722E-1,
1.14E07,5.650E+4,5.595E+4,2.325E+0,
1.15E07,5.549E+4,5.553E+4,-1.562E-1,
1.16E07,5.521E+4,5.511E+4,4.223E-1,
1.17E07,5.468E+4,5.469E+4,-6.465E-2,
1.18E07,5.422E+4,5.428E+4,-2.439E-1,
1.19E07,5.364E+4,5.387E+4,-1.001E+0,
1.2E07,5.368E+4,5.346E+4,9.405E-1,
1.21E07,5.309E+4,5.306E+4,1.230E-1,
1.22E07,5.259E+4,5.266E+4,-2.898E-1,
1.23E07,5.207E+4,5.226E+4,-8.171E-1,
1.24E07,5.117E+4,5.187E+4,-3.062E+0,
1.25E07,5.145E+4,5.148E+4,-1.059E-1,
1.26E07,5.154E+4,5.109E+4,1.993E+0,
1.27E07,5.054E+4,5.070E+4,-7.345E-1,
1.28E07,5.029E+4,5.032E+4,-1.374E-1,
1.29E07,4.969E+4,4.994E+4,-1.133E+0,
1.3E07,4.985E+4,4.957E+4,1.275E+0,
1.31E07,4.942E+4,4.920E+4,1.007E+0,
1.32E07,4.885E+4,4.883E+4,9.979E-2,
1.33E07,4.840E+4,4.846E+4,-2.805E-1,
1.34E07,4.814E+4,4.810E+4,2.033E-1,
1.35E07,4.762E+4,4.774E+4,-5.545E-1,
1.36E07,4.701E+4,4.738E+4,-1.713E+0,
1.37E07,4.704E+4,4.702E+4,5.591E-2,
1.38E07,4.655E+4,4.667E+4,-5.520E-1,
1.39E07,4.648E+4,4.632E+4,7.276E-1,
1.4E07,4.603E+4,4.598E+4,2.378E-1,
1.41E07,4.538E+4,4.563E+4,-1.190E+0,
1.42E07,4.530E+4,4.529E+4,4.754E-3,
1.43E07,4.525E+4,4.496E+4,1.382E+0,
1.44E07,4.458E+4,4.462E+4,-2.081E-1,
1.45E07,4.390E+4,4.429E+4,-1.844E+0,
1.46E07,4.379E+4,4.396E+4,-8.202E-1,
1.47E07,4.367E+4,4.363E+4,1.844E-1,
1.48E07,4.286E+4,4.331E+4,-2.139E+0,
1.49E07,4.317E+4,4.299E+4,8.808E-1,
1.5E07,4.247E+4,4.267E+4,-9.737E-1,
1.51E07,4.190E+4,4.235E+4,-2.193E+0,
1.52E07,4.206E+4,4.203E+4,1.189E-1,
1.53E07,4.189E+4,4.172E+4,8.018E-1,
1.54E07,4.147E+4,4.141E+4,2.520E-1,
1.55E07,4.116E+4,4.111E+4,2.517E-1,
1.56E07,4.089E+4,4.080E+4,4.121E-1,
1.57E07,4.041E+4,4.050E+4,-4.668E-1,
1.58E07,4.020E+4,4.020E+4,-7.150E-3,
1.59E07,3.989E+4,3.990E+4,-9.729E-2,
1.6E07,3.981E+4,3.961E+4,1.003E+0,
1.61E07,3.888E+4,3.932E+4,-2.245E+0,
1.62E07,3.904E+4,3.903E+4,4.733E-2,
1.63E07,3.848E+4,3.874E+4,-1.351E+0,
1.64E07,3.845E+4,3.845E+4,-4.486E-2,
1.65E07,3.787E+4,3.817E+4,-1.551E+0,
1.66E07,3.812E+4,3.789E+4,1.157E+0,
1.67E07,3.728E+4,3.761E+4,-1.712E+0,
1.68E07,3.746E+4,3.734E+4,6.488E-1,
1.69E07,3.676E+4,3.706E+4,-1.577E+0,
1.7E07,3.713E+4,3.679E+4,1.741E+0,
1.71E07,3.632E+4,3.652E+4,-1.065E+0,
1.72E07,3.595E+4,3.625E+4,-1.622E+0,
1.73E07,3.621E+4,3.599E+4,1.171E+0,
1.74E07,3.582E+4,3.573E+4,5.123E-1,
1.75E07,3.528E+4,3.546E+4,-9.581E-1,
1.76E07,3.549E+4,3.520E+4,1.497E+0,
1.77E07,3.468E+4,3.495E+4,-1.434E+0,
1.78E07,3.495E+4,3.469E+4,1.395E+0,
1.79E07,3.441E+4,3.444E+4,-1.589E-1,
1.8E07,3.413E+4,3.419E+4,-3.504E-1,
1.81E07,3.381E+4,3.394E+4,-7.069E-1,
1.82E07,3.367E+4,3.369E+4,-1.539E-1,
1.83E07,3.362E+4,3.345E+4,9.029E-1,
1.84E07,3.327E+4,3.321E+4,3.253E-1,
1.85E07,3.288E+4,3.297E+4,-4.567E-1,
1.86E07,3.249E+4,3.273E+4,-1.303E+0,
1.87E07,3.254E+4,3.249E+4,2.778E-1,
1.88E07,3.222E+4,3.225E+4,-2.050E-1,
1.89E07,3.211E+4,3.202E+4,4.767E-1,
1.9E07,3.199E+4,3.179E+4,1.100E+0,
1.91E07,3.153E+4,3.156E+4,-1.619E-1,
1.92E07,3.133E+4,3.133E+4,-1.195E-2,
1.93E07,3.111E+4,3.111E+4,9.623E-3,
1.94E07,3.095E+4,3.088E+4,3.507E-1,
1.95E07,3.053E+4,3.066E+4,-7.733E-1,
1.96E07,3.032E+4,3.044E+4,-6.931E-1,
1.97E07,3.034E+4,3.022E+4,6.715E-1,
1.98E07,3.024E+4,3.001E+4,1.345E+0,
1.99E07,2.983E+4,2.979E+4,2.143E-1,
2E07,2.937E+4,2.958E+4,-1.194E+0,
2.01E07,2.927E+4,2.936E+4,-5.369E-1,
2.02E07,2.906E+4,2.915E+4,-5.740E-1,
2.03E07,2.893E+4,2.895E+4,-1.089E-1,
2.04E07,2.860E+4,2.874E+4,-8.152E-1,
2.05E07,2.853E+4,2.853E+4,-3.477E-2,
2.06E07,2.814E+4,2.833E+4,-1.118E+0,
2.07E07,2.796E+4,2.813E+4,-1.028E+0,
2.08E07,2.805E+4,2.793E+4,6.884E-1,
2.09E07,2.787E+4,2.773E+4,8.552E-1,
2.1E07,2.745E+4,2.753E+4,-5.089E-1,
2.11E07,2.742E+4,2.734E+4,4.590E-1,
2.12E07,2.718E+4,2.715E+4,2.168E-1,
2.13E07,2.680E+4,2.695E+4,-9.288E-1,
2.14E07,2.676E+4,2.676E+4,-3.919E-2,
2.15E07,2.675E+4,2.657E+4,1.087E+0,
2.16E07,2.642E+4,2.639E+4,2.295E-1,
2.17E07,2.593E+4,2.620E+4,-1.649E+0,
2.18E07,2.587E+4,2.601E+4,-9.077E-1,
2.19E07,2.580E+4,2.583E+4,-2.171E-1,
2.2E07,2.568E+4,2.565E+4,1.796E-1,
2.21E07,2.501E+4,2.547E+4,-2.934E+0,
2.22E07,2.527E+4,2.529E+4,-1.276E-1,
2.23E07,2.500E+4,2.511E+4,-7.398E-1,
2.24E07,2.499E+4,2.494E+4,2.968E-1,
2.25E07,2.486E+4,2.476E+4,5.987E-1,
2.26E07,2.438E+4,2.459E+4,-1.348E+0,
2.27E07,2.430E+4,2.442E+4,-7.367E-1,
2.28E07,2.445E+4,2.425E+4,1.314E+0,
2.29E07,2.400E+4,2.408E+4,-5.138E-1,
2.3E07,2.402E+4,2.391E+4,6.774E-1,
2.31E07,2.369E+4,2.375E+4,-3.884E-1,
2.32E07,2.351E+4,2.358E+4,-4.949E-1,
2.33E07,2.340E+4,2.342E+4,-9.999E-2,
2.34E07,2.325E+4,2.326E+4,-4.610E-2,
2.35E07,2.352E+4,2.309E+4,2.784E+0,
2.36E07,2.295E+4,2.293E+4,8.984E-2,
2.37E07,2.276E+4,2.278E+4,-9.281E-2,
2.38E07,2.221E+4,2.262E+4,-2.777E+0,
2.39E07,2.237E+4,2.246E+4,-6.421E-1,
2.4E07,2.207E+4,2.231E+4,-1.639E+0,
2.41E07,2.203E+4,2.216E+4,-8.358E-1,
2.42E07,2.187E+4,2.200E+4,-8.785E-1,
2.43E07,2.195E+4,2.185E+4,6.749E-1,
2.44E07,2.199E+4,2.170E+4,1.960E+0,
2.45E07,2.171E+4,2.155E+4,1.060E+0,
2.46E07,2.124E+4,2.141E+4,-1.136E+0,
2.47E07,2.110E+4,2.126E+4,-1.083E+0,
2.48E07,2.118E+4,2.112E+4,4.643E-1,
2.49E07,2.070E+4,2.097E+4,-1.923E+0,
2.5E07,2.065E+4,2.083E+4,-1.253E+0,
2.51E07,2.068E+4,2.069E+4,-2.443E-2,
2.52E07,2.064E+4,2.055E+4,6.740E-1,
2.53E07,2.062E+4,2.041E+4,1.456E+0,
2.54E07,2.002E+4,2.027E+4,-1.787E+0,
2.55E07,2.055E+4,2.013E+4,2.924E+0,
2.56E07,1.980E+4,2.000E+4,-1.407E+0,
2.57E07,1.987E+4,1.986E+4,5.592E-2,
2.58E07,1.985E+4,1.973E+4,8.278E-1,
2.59E07,1.964E+4,1.960E+4,3.158E-1,
2.6E07,1.958E+4,1.946E+4,8.208E-1,
2.61E07,1.917E+4,1.933E+4,-1.174E+0,
2.62E07,1.927E+4,1.920E+4,4.673E-1,
2.63E07,1.927E+4,1.908E+4,1.414E+0,
2.64E07,1.884E+4,1.895E+4,-7.888E-1,
2.65E07,1.882E+4,1.882E+4,-3.560E-2,
2.66E07,1.854E+4,1.870E+4,-1.164E+0,
2.67E07,1.866E+4,1.857E+4,6.213E-1,
2.68E07,1.848E+4,1.845E+4,2.224E-1,
2.69E07,1.861E+4,1.833E+4,2.101E+0,
2.7E07,1.828E+4,1.820E+4,5.844E-1,
2.71E07,1.792E+4,1.808E+4,-1.229E+0,
2.72E07,1.804E+4,1.797E+4,5.725E-1,
2.73E07,1.795E+4,1.785E+4,7.717E-1,
2.74E07,1.792E+4,1.773E+4,1.434E+0,
2.75E07,1.758E+4,1.761E+4,-2.825E-1,
2.76E07,1.755E+4,1.750E+4,4.017E-1,
2.77E07,1.772E+4,1.738E+4,2.516E+0,
2.78E07,1.720E+4,1.727E+4,-5.508E-1,
2.79E07,1.702E+4,1.716E+4,-1.030E+0,
2.8E07,1.703E+4,1.704E+4,-8.682E-2,
2.81E07,1.700E+4,1.693E+4,4.891E-1,
2.82E07,1.646E+4,1.682E+4,-2.845E+0,
2.83E07,1.690E+4,1.671E+4,1.418E+0,
2.84E07,1.644E+4,1.660E+4,-1.297E+0,
2.85E07,1.659E+4,1.650E+4,7.090E-1,
2.86E07,1.621E+4,1.639E+4,-1.382E+0,
2.87E07,1.622E+4,1.628E+4,-4.720E-1,
2.88E07,1.602E+4,1.618E+4,-1.297E+0,
2.89E07,1.610E+4,1.607E+4,2.052E-1,
2.9E07,1.600E+4,1.597E+4,1.848E-1,
2.91E07,1.573E+4,1.587E+4,-1.117E+0,
2.92E07,1.568E+4,1.577E+4,-6.905E-1,
2.93E07,1.576E+4,1.567E+4,7.519E-1,
2.94E07,1.568E+4,1.557E+4,9.218E-1,
2.95E07,1.536E+4,1.547E+4,-9.064E-1,
2.96E07,1.539E+4,1.537E+4,1.864E-1,
2.97E07,1.533E+4,1.527E+4,4.426E-1,
2.98E07,1.535E+4,1.517E+4,1.442E+0,
2.99E07,1.503E+4,1.508E+4,-3.935E-1,
3E07,1.526E+4,1.498E+4,2.211E+0,
3.01E07,1.503E+4,1.489E+4,1.163E+0,
3.02E07,1.456E+4,1.479E+4,-1.952E+0,
3.03E07,1.480E+4,1.470E+4,7.686E-1,
3.04E07,1.464E+4,1.461E+4,2.379E-1,
3.05E07,1.448E+4,1.452E+4,-3.296E-1,
3.06E07,1.440E+4,1.443E+4,-1.903E-1,
3.07E07,1.440E+4,1.434E+4,5.105E-1,
3.08E07,1.433E+4,1.425E+4,6.569E-1,
3.09E07,1.399E+4,1.416E+4,-1.469E+0,
3.1E07,1.417E+4,1.407E+4,8.587E-1,
3.11E07,1.400E+4,1.398E+4,1.222E-1,
3.12E07,1.366E+4,1.390E+4,-2.002E+0,
3.13E07,1.372E+4,1.381E+4,-7.526E-1,
3.14E07,1.367E+4,1.373E+4,-4.876E-1,
3.15E07,1.364E+4,1.364E+4,-3.034E-2,
3.16E07,1.346E+4,1.356E+4,-8.599E-1,
3.17E07,1.342E+4,1.347E+4,-4.370E-1,
3.18E07,1.348E+4,1.339E+4,7.821E-1,
3.19E07,1.334E+4,1.331E+4,2.304E-1,
3.2E07,1.322E+4,1.323E+4,-6.318E-2,
3.21E07,1.295E+4,1.315E+4,-1.720E+0,
3.22E07,1.332E+4,1.307E+4,2.149E+0,
3.23E07,1.292E+4,1.299E+4,-6.402E-1,
3.24E07,1.304E+4,1.291E+4,1.102E+0,
3.25E07,1.288E+4,1.283E+4,4.030E-1,
3.26E07,1.250E+4,1.276E+4,-2.280E+0,
3.27E07,1.257E+4,1.268E+4,-9.748E-1,
3.28E07,1.251E+4,1.260E+4,-8.245E-1,
3.29E07,1.260E+4,1.253E+4,6.080E-1,
3.3E07,1.258E+4,1.245E+4,1.142E+0,
3.31E07,1.250E+4,1.238E+4,1.067E+0,
3.32E07,1.191E+4,1.231E+4,-3.610E+0,
3.33E07,1.223E+4,1.223E+4,9.421E-3,
3.34E07,1.213E+4,1.216E+4,-2.313E-1,
3.35E07,1.188E+4,1.209E+4,-1.923E+0,
3.36E07,1.211E+4,1.202E+4,8.064E-1,
3.37E07,1.192E+4,1.195E+4,-2.247E-1,
3.38E07,1.177E+4,1.188E+4,-9.711E-1,
3.39E07,1.178E+4,1.181E+4,-2.464E-1,
3.4E07,1.169E+4,1.174E+4,-4.226E-1,
3.41E07,1.182E+4,1.167E+4,1.424E+0,
3.42E07,1.164E+4,1.160E+4,3.500E-1,
3.43E07,1.152E+4,1.153E+4,-1.663E-1,
3.44E07,1.148E+4,1.147E+4,1.495E-1,
3.45E07,1.119E+4,1.140E+4,-1.991E+0,
3.46E07,1.121E+4,1.133E+4,-1.132E+0,
3.47E07,1.124E+4,1.127E+4,-2.792E-1,
3.48E07,1.113E+4,1.120E+4,-6.810E-1,
3.49E07,1.096E+4,1.114E+4,-1.716E+0,
3.5E07,1.118E+4,1.108E+4,1.013E+0,
3.51E07,1.100E+4,1.101E+4,-1.309E-1,
3.52E07,1.095E+4,1.095E+4,-4.824E-2,
3.53E07,1.104E+4,1.089E+4,1.448E+0,
3.54E07,1.081E+4,1.083E+4,-1.749E-1,
3.55E07,1.066E+4,1.076E+4,-1.027E+0,
3.56E07,1.077E+4,1.070E+4,5.851E-1,
3.57E07,1.068E+4,1.064E+4,3.862E-1,
3.58E07,1.054E+4,1.058E+4,-4.125E-1,
3.59E07,1.030E+4,1.053E+4,-2.268E+0,
3.6E07,1.043E+4,1.047E+4,-3.656E-1,
3.61E07,1.042E+4,1.041E+4,7.808E-2,
3.62E07,1.029E+4,1.035E+4,-5.539E-1,
3.63E07,1.039E+4,1.029E+4,9.142E-1,
3.64E07,1.020E+4,1.024E+4,-3.458E-1,
3.65E07,1.011E+4,1.018E+4,-6.909E-1,
3.66E07,1.021E+4,1.012E+4,8.662E-1,
3.67E07,1.001E+4,1.007E+4,-5.589E-1,
3.68E07,1.011E+4,1.001E+4,9.764E-1,
3.69E07,9.853E+3,9.958E+3,-1.059E+0,
3.7E07,1.006E+4,9.904E+3,1.566E+0,
3.71E07,9.921E+3,9.850E+3,7.113E-1,
3.72E07,9.747E+3,9.797E+3,-5.044E-1,
3.73E07,9.943E+3,9.744E+3,1.997E+0,
3.74E07,9.638E+3,9.691E+3,-5.437E-1,
3.75E07,9.783E+3,9.639E+3,1.453E+0,
3.76E07,9.532E+3,9.588E+3,-5.698E-1,
3.77E07,9.596E+3,9.536E+3,6.086E-1,
3.78E07,9.634E+3,9.486E+3,1.512E+0,
3.79E07,9.496E+3,9.435E+3,6.247E-1,
3.8E07,9.343E+3,9.385E+3,-4.356E-1,
3.81E07,9.401E+3,9.335E+3,6.757E-1,
3.82E07,9.324E+3,9.286E+3,3.909E-1,
3.83E07,9.342E+3,9.237E+3,1.082E+0,
3.84E07,9.228E+3,9.189E+3,4.060E-1,
3.85E07,9.201E+3,9.141E+3,6.260E-1,
3.86E07,9.078E+3,9.093E+3,-1.604E-1,
3.87E07,9.160E+3,9.046E+3,1.191E+0,
3.88E07,9.036E+3,8.999E+3,3.881E-1,
3.89E07,9.022E+3,8.953E+3,7.308E-1,
3.9E07,8.983E+3,8.906E+3,8.078E-1,
3.91E07,8.801E+3,8.861E+3,-6.360E-1,
3.92E07,8.912E+3,8.815E+3,1.025E+0,
3.93E07,8.656E+3,8.770E+3,-1.227E+0,
3.94E07,8.748E+3,8.726E+3,2.404E-1,
3.95E07,8.758E+3,8.681E+3,8.207E-1,
3.96E07,8.751E+3,8.637E+3,1.216E+0,
3.97E07,8.628E+3,8.594E+3,3.703E-1,
3.98E07,8.520E+3,8.550E+3,-3.287E-1,
3.99E07,8.455E+3,8.507E+3,-5.701E-1,
4E07,8.489E+3,8.465E+3,2.622E-1,
4.01E07,8.377E+3,8.423E+3,-4.983E-1,
4.02E07,8.358E+3,8.381E+3,-2.485E-1,
4.03E07,8.303E+3,8.339E+3,-3.968E-1,
4.04E07,8.329E+3,8.298E+3,3.404E-1,
4.05E07,8.282E+3,8.257E+3,2.743E-1,
4.06E07,8.134E+3,8.216E+3,-9.145E-1,
4.07E07,8.299E+3,8.176E+3,1.348E+0,
4.08E07,7.975E+3,8.136E+3,-1.806E+0,
4.09E07,8.188E+3,8.097E+3,1.009E+0,
4.1E07,8.142E+3,8.057E+3,9.371E-1,
4.11E07,8.066E+3,8.018E+3,5.291E-1,
4.12E07,8.109E+3,7.980E+3,1.434E+0,
4.13E07,8.005E+3,7.941E+3,7.098E-1,
4.14E07,7.939E+3,7.903E+3,3.989E-1,
4.15E07,7.833E+3,7.866E+3,-3.699E-1,
4.16E07,7.852E+3,7.828E+3,2.674E-1,
4.17E07,7.661E+3,7.791E+3,-1.487E+0,
4.18E07,7.851E+3,7.754E+3,1.091E+0,
4.19E07,7.543E+3,7.718E+3,-2.013E+0,
4.2E07,7.798E+3,7.682E+3,1.318E+0,
4.21E07,7.704E+3,7.646E+3,6.648E-1,
4.22E07,7.720E+3,7.610E+3,1.252E+0,
4.23E07,7.520E+3,7.575E+3,-6.299E-1,
4.24E07,7.652E+3,7.540E+3,1.286E+0,
4.25E07,7.474E+3,7.505E+3,-3.554E-1,
4.26E07,7.515E+3,7.470E+3,5.168E-1,
4.27E07,7.394E+3,7.436E+3,-4.879E-1,
4.28E07,7.397E+3,7.402E+3,-5.790E-2,
4.29E07,7.218E+3,7.368E+3,-1.769E+0,
4.3E07,7.253E+3,7.335E+3,-9.611E-1,
4.31E07,7.171E+3,7.302E+3,-1.543E+0,
4.32E07,7.248E+3,7.269E+3,-2.442E-1,
4.33E07,7.328E+3,7.236E+3,1.073E+0,
4.34E07,7.191E+3,7.204E+3,-1.508E-1,
4.35E07,7.080E+3,7.172E+3,-1.090E+0,
4.36E07,7.283E+3,7.140E+3,1.678E+0,
4.37E07,7.183E+3,7.108E+3,8.822E-1,
4.38E07,7.114E+3,7.077E+3,4.400E-1,
4.39E07,7.089E+3,7.046E+3,5.131E-1,
4.4E07,6.984E+3,7.015E+3,-3.704E-1,
4.41E07,7.089E+3,6.984E+3,1.243E+0,
4.42E07,6.933E+3,6.954E+3,-2.523E-1,
4.43E07,6.977E+3,6.924E+3,6.356E-1,
4.44E07,6.852E+3,6.894E+3,-5.079E-1,
4.45E07,6.941E+3,6.864E+3,9.192E-1,
4.46E07,6.712E+3,6.835E+3,-1.502E+0,
4.47E07,6.928E+3,6.806E+3,1.467E+0,
4.48E07,6.750E+3,6.777E+3,-3.283E-1,
4.49E07,6.883E+3,6.748E+3,1.624E+0,
4.5E07,6.751E+3,6.720E+3,3.793E-1,
4.51E07,6.602E+3,6.692E+3,-1.103E+0,
4.52E07,6.699E+3,6.664E+3,4.324E-1,
4.53E07,6.723E+3,6.636E+3,1.063E+0,
4.54E07,6.652E+3,6.608E+3,5.360E-1,
4.55E07,6.514E+3,6.581E+3,-8.296E-1,
4.56E07,6.618E+3,6.554E+3,7.886E-1,
4.57E07,6.570E+3,6.527E+3,5.311E-1,
4.58E07,6.523E+3,6.500E+3,2.814E-1,
4.59E07,6.320E+3,6.474E+3,-1.935E+0,
4.6E07,6.450E+3,6.448E+3,3.035E-2,
4.61E07,6.620E+3,6.422E+3,2.439E+0,
4.62E07,6.418E+3,6.396E+3,2.784E-1,
4.63E07,6.395E+3,6.370E+3,3.117E-1,
4.64E07,6.381E+3,6.345E+3,4.550E-1,
4.65E07,6.193E+3,6.319E+3,-1.607E+0,
4.66E07,6.267E+3,6.294E+3,-3.465E-1,
4.67E07,6.262E+3,6.270E+3,-9.628E-2,
4.68E07,6.211E+3,6.245E+3,-4.315E-1,
4.69E07,6.229E+3,6.221E+3,1.065E-1,
4.7E07,6.137E+3,6.196E+3,-7.580E-1,
4.71E07,6.189E+3,6.172E+3,2.116E-1,
4.72E07,6.106E+3,6.149E+3,-5.442E-1,
4.73E07,6.159E+3,6.125E+3,4.347E-1,
4.74E07,6.059E+3,6.101E+3,-5.452E-1,
4.75E07,6.049E+3,6.078E+3,-3.751E-1,
4.76E07,6.129E+3,6.055E+3,9.439E-1,
4.77E07,6.016E+3,6.032E+3,-2.090E-1,
4.78E07,5.971E+3,6.010E+3,-4.984E-1,
4.79E07,6.034E+3,5.987E+3,6.052E-1,
4.8E07,5.962E+3,5.965E+3,-3.424E-2,
4.81E07,5.880E+3,5.942E+3,-8.148E-1,
4.82E07,5.930E+3,5.920E+3,1.234E-1,
4.83E07,5.805E+3,5.899E+3,-1.230E+0,
4.84E07,5.877E+3,5.877E+3,-7.261E-4,
4.85E07,5.855E+3,5.856E+3,-7.792E-3,
4.86E07,5.782E+3,5.834E+3,-6.879E-1,
4.87E07,5.799E+3,5.813E+3,-1.864E-1,
4.88E07,5.806E+3,5.792E+3,1.805E-1,
4.89E07,5.691E+3,5.771E+3,-1.067E+0,
4.9E07,5.718E+3,5.751E+3,-4.345E-1,
4.91E07,5.765E+3,5.730E+3,4.556E-1,
4.92E07,5.783E+3,5.710E+3,9.583E-1,
4.93E07,5.675E+3,5.690E+3,-1.992E-1,
4.94E07,5.652E+3,5.670E+3,-2.401E-1,
4.95E07,5.590E+3,5.650E+3,-8.059E-1,
4.96E07,5.472E+3,5.631E+3,-2.144E+0,
4.97E07,5.581E+3,5.611E+3,-4.033E-1,
4.98E07,5.584E+3,5.592E+3,-1.045E-1,
4.99E07,5.465E+3,5.573E+3,-1.456E+0,
5E07,5.570E+3,5.554E+3,2.194E-1,
5.01E07,5.435E+3,5.535E+3,-1.353E+0,
5.02E07,5.351E+3,5.516E+3,-2.256E+0,
5.03E07,5.532E+3,5.497E+3,4.640E-1,
5.04E07,5.504E+3,5.479E+3,3.360E-1,
5.05E07,5.542E+3,5.461E+3,1.091E+0,
5.06E07,5.430E+3,5.443E+3,-1.722E-1,
5.07E07,5.506E+3,5.425E+3,1.095E+0,
5.08E07,5.563E+3,5.407E+3,2.093E+0,
5.09E07,5.407E+3,5.389E+3,2.420E-1,
5.1E07,5.408E+3,5.372E+3,4.941E-1,
5.11E07,5.426E+3,5.354E+3,9.739E-1,
5.12E07,5.407E+3,5.337E+3,9.520E-1,
5.13E07,5.379E+3,5.320E+3,8.062E-1,
5.14E07,5.370E+3,5.303E+3,9.158E-1,
5.15E07,5.447E+3,5.286E+3,2.181E+0,
5.16E07,5.252E+3,5.269E+3,-2.390E-1,
5.17E07,5.246E+3,5.253E+3,-9.307E-2,
5.18E07,5.125E+3,5.236E+3,-1.555E+0,
5.19E07,5.288E+3,5.220E+3,9.354E-1,
5.2E07,5.239E+3,5.204E+3,4.864E-1,
5.21E07,5.291E+3,5.188E+3,1.420E+0,
5.22E07,5.224E+3,5.172E+3,7.220E-1,
5.23E07,5.163E+3,5.156E+3,9.721E-2,
5.24E07,5.015E+3,5.140E+3,-1.770E+0,
5.25E07,5.219E+3,5.125E+3,1.304E+0,
5.26E07,5.152E+3,5.109E+3,5.938E-1,
5.27E07,5.122E+3,5.094E+3,3.901E-1,
5.28E07,5.184E+3,5.079E+3,1.460E+0,
5.29E07,5.099E+3,5.064E+3,4.922E-1,
5.3E07,5.091E+3,5.049E+3,5.897E-1,
5.31E07,5.105E+3,5.034E+3,9.921E-1,
5.32E07,5.222E+3,5.019E+3,2.803E+0,
5.33E07,5.010E+3,5.005E+3,7.283E-2,
5.34E07,5.126E+3,4.990E+3,1.894E+0,
5.35E07,4.949E+3,4.976E+3,-3.845E-1,
5.36E07,4.963E+3,4.962E+3,1.675E-2,
5.37E07,4.978E+3,4.948E+3,4.293E-1,
5.38E07,5.059E+3,4.934E+3,1.762E+0,
5.39E07,4.930E+3,4.920E+3,1.450E-1,
5.4E07,4.863E+3,4.906E+3,-6.173E-1,
5.41E07,4.801E+3,4.892E+3,-1.319E+0,
5.42E07,4.812E+3,4.879E+3,-9.634E-1,
5.43E07,4.953E+3,4.865E+3,1.245E+0,
5.44E07,4.801E+3,4.852E+3,-7.367E-1,
5.45E07,4.785E+3,4.839E+3,-7.779E-1,
5.46E07,4.770E+3,4.826E+3,-8.063E-1,
5.47E07,4.800E+3,4.813E+3,-1.829E-1,
5.48E07,4.756E+3,4.800E+3,-6.344E-1,
5.49E07,4.886E+3,4.787E+3,1.417E+0,
5.5E07,4.846E+3,4.774E+3,1.031E+0,
5.51E07,4.851E+3,4.762E+3,1.283E+0,
5.52E07,4.765E+3,4.749E+3,2.300E-1,
5.53E07,4.680E+3,4.737E+3,-8.291E-1,
5.54E07,4.839E+3,4.724E+3,1.647E+0,
5.55E07,4.726E+3,4.712E+3,2.007E-1,
5.56E07,4.849E+3,4.700E+3,2.138E+0,
5.57E07,4.622E+3,4.688E+3,-9.721E-1,
5.58E07,4.614E+3,4.676E+3,-9.153E-1,
5.59E07,4.775E+3,4.664E+3,1.601E+0,
5.6E07,4.754E+3,4.653E+3,1.470E+0,
5.61E07,4.626E+3,4.641E+3,-2.205E-1,
5.62E07,4.634E+3,4.629E+3,6.666E-2,
5.63E07,4.548E+3,4.618E+3,-1.038E+0,
5.64E07,4.525E+3,4.607E+3,-1.214E+0,
5.65E07,4.676E+3,4.595E+3,1.179E+0,
5.66E07,4.705E+3,4.584E+3,1.761E+0,
5.67E07,4.599E+3,4.573E+3,3.811E-1,
5.68E07,4.531E+3,4.562E+3,-4.629E-1,
5.69E07,4.531E+3,4.551E+3,-3.009E-1,
5.7E07,4.473E+3,4.540E+3,-1.008E+0,
5.71E07,4.600E+3,4.530E+3,1.036E+0,
5.72E07,4.571E+3,4.519E+3,7.681E-1,
5.73E07,4.435E+3,4.509E+3,-1.104E+0,
5.74E07,4.396E+3,4.498E+3,-1.539E+0,
5.75E07,4.553E+3,4.488E+3,9.685E-1,
5.76E07,4.367E+3,4.477E+3,-1.670E+0,
5.77E07,4.468E+3,4.467E+3,1.319E-2,
5.78E07,4.481E+3,4.457E+3,3.589E-1,
5.79E07,4.494E+3,4.447E+3,7.023E-1,
5.8E07,4.519E+3,4.437E+3,1.221E+0,
5.81E07,4.402E+3,4.427E+3,-3.774E-1,
5.82E07,4.446E+3,4.417E+3,4.316E-1,
5.83E07,4.407E+3,4.407E+3,-7.238E-3,
5.84E07,4.460E+3,4.398E+3,9.311E-1,
5.85E07,4.210E+3,4.388E+3,-2.747E+0,
5.86E07,4.367E+3,4.379E+3,-1.774E-1,
5.87E07,4.374E+3,4.369E+3,7.114E-2,
5.88E07,4.296E+3,4.360E+3,-9.755E-1,
5.89E07,4.406E+3,4.351E+3,8.337E-1,
5.9E07,4.338E+3,4.341E+3,-5.242E-2,
5.91E07,4.338E+3,4.332E+3,8.623E-2,
5.92E07,4.456E+3,4.323E+3,1.988E+0,
5.93E07,4.380E+3,4.314E+3,9.931E-1,
5.94E07,4.269E+3,4.305E+3,-5.565E-1,
5.95E07,4.268E+3,4.297E+3,-4.365E-1,
5.96E07,4.364E+3,4.288E+3,1.154E+0,
5.97E07,4.280E+3,4.279E+3,1.457E-2,
5.98E07,4.145E+3,4.270E+3,-1.948E+0,
5.99E07,4.301E+3,4.262E+3,5.969E-1,
6E07,4.184E+3,4.253E+3,-1.072E+0,
6.01E07,4.257E+3,4.245E+3,1.849E-1,
6.02E07,4.150E+3,4.237E+3,-1.344E+0,
6.03E07,4.259E+3,4.228E+3,4.706E-1,
6.04E07,4.261E+3,4.220E+3,6.271E-1,
6.05E07,4.271E+3,4.212E+3,9.042E-1,
6.06E07,4.170E+3,4.204E+3,-5.236E-1,
6.07E07,4.181E+3,4.196E+3,-2.287E-1,
6.08E07,4.190E+3,4.188E+3,3.360E-2,
6.09E07,4.173E+3,4.180E+3,-1.072E-1,
6.1E07,4.120E+3,4.172E+3,-8.115E-1,
6.11E07,4.217E+3,4.164E+3,8.113E-1,
6.12E07,4.125E+3,4.157E+3,-4.921E-1,
6.13E07,4.174E+3,4.149E+3,3.876E-1,
6.14E07,4.065E+3,4.141E+3,-1.198E+0,
6.15E07,4.054E+3,4.134E+3,-1.254E+0,
6.16E07,4.108E+3,4.126E+3,-2.868E-1,
6.17E07,4.135E+3,4.119E+3,2.492E-1,
6.18E07,4.123E+3,4.112E+3,1.771E-1,
6.19E07,4.230E+3,4.104E+3,1.932E+0,
6.2E07,4.169E+3,4.097E+3,1.113E+0,
6.21E07,4.208E+3,4.090E+3,1.820E+0,
6.22E07,4.137E+3,4.083E+3,8.422E-1,
6.23E07,4.048E+3,4.076E+3,-4.365E-1,
6.24E07,4.110E+3,4.069E+3,6.430E-1,
6.25E07,4.092E+3,4.062E+3,4.716E-1,
6.26E07,4.022E+3,4.055E+3,-5.195E-1,
6.27E07,4.154E+3,4.048E+3,1.643E+0,
6.28E07,3.994E+3,4.041E+3,-7.490E-1,
6.29E07,4.131E+3,4.035E+3,1.500E+0,
6.3E07,4.049E+3,4.028E+3,3.309E-1,
6.31E07,4.028E+3,4.021E+3,1.051E-1,
6.32E07,3.977E+3,4.015E+3,-5.989E-1,
6.33E07,4.032E+3,4.008E+3,3.739E-1,
6.34E07,4.069E+3,4.002E+3,1.053E+0,
6.35E07,3.904E+3,3.995E+3,-1.463E+0,
6.36E07,3.927E+3,3.989E+3,-9.900E-1,
6.37E07,3.996E+3,3.983E+3,2.098E-1,
6.38E07,3.982E+3,3.976E+3,8.741E-2,
6.39E07,3.901E+3,3.970E+3,-1.109E+0,
64000005.000000,3.978E+3,3.964E+3,2.199E-1,
64100005.000000,3.840E+3,3.958E+3,-1.905E+0,
64200005.000000,4.017E+3,3.952E+3,1.026E+0,
64300005.000000,4.052E+3,3.946E+3,1.666E+0,
64400005.000000,3.929E+3,3.940E+3,-1.756E-1,
64500005.000000,3.947E+3,3.934E+3,2.053E-1,
64600005.000000,3.945E+3,3.928E+3,2.669E-1,
64700005.000000,3.908E+3,3.922E+3,-2.307E-1,
64800005.000000,3.935E+3,3.917E+3,2.925E-1,
64900005.000000,3.805E+3,3.911E+3,-1.717E+0,
65000005.000000,3.837E+3,3.905E+3,-1.102E+0,
65100005.000000,3.854E+3,3.900E+3,-7.349E-1,
65200005.000000,3.890E+3,3.894E+3,-6.478E-2,
65300005.000000,3.887E+3,3.889E+3,-2.406E-2,
65400005.000000,3.863E+3,3.883E+3,-3.219E-1,
65500005.000000,3.991E+3,3.878E+3,1.796E+0,
65600005.000000,3.877E+3,3.872E+3,7.798E-2,
65700005.000000,3.932E+3,3.867E+3,1.040E+0,
65800005.000000,3.999E+3,3.861E+3,2.175E+0,
65900005.000000,3.850E+3,3.856E+3,-9.959E-2,
66000005.000000,3.706E+3,3.851E+3,-2.381E+0,
66100005.000000,3.884E+3,3.846E+3,6.138E-1,
66200005.000000,3.727E+3,3.841E+3,-1.861E+0,
66300005.000000,3.805E+3,3.835E+3,-4.942E-1,
66400005.000000,3.702E+3,3.830E+3,-2.111E+0,
66500005.000000,3.857E+3,3.825E+3,5.091E-1,
66600005.000000,3.854E+3,3.820E+3,5.413E-1,
66700005.000000,3.784E+3,3.815E+3,-5.112E-1,
66800005.000000,3.819E+3,3.811E+3,1.370E-1,
66900005.000000,3.819E+3,3.806E+3,2.158E-1,
67000005.000000,3.905E+3,3.801E+3,1.667E+0,
67100005.000000,3.796E+3,3.796E+3,-6.974E-4,
67200005.000000,3.779E+3,3.791E+3,-1.999E-1,
67300005.000000,3.751E+3,3.787E+3,-5.808E-1,
67400005.000000,3.822E+3,3.782E+3,6.487E-1,
67500005.000000,3.766E+3,3.777E+3,-1.834E-1,
67600005.000000,3.742E+3,3.773E+3,-5.011E-1,
67700005.000000,3.729E+3,3.768E+3,-6.401E-1,
67800005.000000,3.826E+3,3.764E+3,1.010E+0,
67900005.000000,3.745E+3,3.759E+3,-2.298E-1,
68000005.000000,3.705E+3,3.755E+3,-8.150E-1,
68100005.000000,3.697E+3,3.750E+3,-8.747E-1,
68200005.000000,3.730E+3,3.746E+3,-2.587E-1,
68300005.000000,3.880E+3,3.741E+3,2.224E+0,
68400005.000000,3.700E+3,3.737E+3,-6.105E-1,
68500005.000000,3.755E+3,3.733E+3,3.614E-1,
68600005.000000,3.767E+3,3.729E+3,6.255E-1,
68700005.000000,3.819E+3,3.724E+3,1.531E+0,
68800005.000000,3.782E+3,3.720E+3,1.005E+0,
68900005.000000,3.687E+3,3.716E+3,-4.788E-1,
69000005.000000,3.726E+3,3.712E+3,2.300E-1,
69100005.000000,3.700E+3,3.708E+3,-1.296E-1,
69200005.000000,3.771E+3,3.704E+3,1.094E+0,
69300005.000000,3.753E+3,3.700E+3,8.680E-1,
69400005.000000,3.696E+3,3.696E+3,2.626E-3,
69500005.000000,3.705E+3,3.692E+3,2.154E-1,
69600005.000000,3.768E+3,3.688E+3,1.304E+0,
69700005.000000,3.712E+3,3.684E+3,4.581E-1,
69800005.000000,3.614E+3,3.680E+3,-1.102E+0,
69900005.000000,3.662E+3,3.676E+3,-2.381E-1,
70000005.000000,3.603E+3,3.673E+3,-1.160E+0,
70100005.000000,3.644E+3,3.669E+3,-4.117E-1,
70200005.000000,3.697E+3,3.665E+3,5.243E-1,
70300005.000000,3.618E+3,3.661E+3,-7.218E-1,
70400006.000000,3.710E+3,3.658E+3,8.579E-1,
70500006.000000,3.715E+3,3.654E+3,9.992E-1,
70600006.000000,3.633E+3,3.650E+3,-2.901E-1,
70700006.000000,3.720E+3,3.647E+3,1.199E+0,
70800006.000000,3.689E+3,3.643E+3,7.517E-1,
70900006.000000,3.648E+3,3.640E+3,1.355E-1,
71000006.000000,3.703E+3,3.636E+3,1.096E+0,
71100006.000000,3.533E+3,3.633E+3,-1.680E+0,
71200006.000000,3.560E+3,3.629E+3,-1.163E+0,
71300006.000000,3.667E+3,3.626E+3,6.773E-1,
71400006.000000,3.776E+3,3.623E+3,2.496E+0,
71500006.000000,3.654E+3,3.619E+3,5.751E-1,
71600006.000000,3.630E+3,3.616E+3,2.340E-1,
71700006.000000,3.685E+3,3.613E+3,1.193E+0,
71800006.000000,3.693E+3,3.609E+3,1.377E+0,
71900006.000000,3.581E+3,3.606E+3,-4.187E-1,
72000006.000000,3.637E+3,3.603E+3,5.666E-1,
72100006.000000,3.691E+3,3.600E+3,1.504E+0,
72200006.000000,3.683E+3,3.596E+3,1.426E+0,
72300006.000000,3.623E+3,3.593E+3,4.935E-1,
72400006.000000,3.594E+3,3.590E+3,6.386E-2,
72500006.000000,3.632E+3,3.587E+3,7.455E-1,
72600006.000000,3.751E+3,3.584E+3,2.727E+0,
72700006.000000,3.506E+3,3.581E+3,-1.266E+0,
72800006.000000,3.575E+3,3.578E+3,-4.877E-2,
72900006.000000,3.568E+3,3.575E+3,-1.157E-1,
73000006.000000,3.539E+3,3.572E+3,-5.536E-1,
73100006.000000,3.602E+3,3.569E+3,5.502E-1,
73200006.000000,3.527E+3,3.566E+3,-6.575E-1,
73300006.000000,3.614E+3,3.563E+3,8.460E-1,
73400006.000000,3.663E+3,3.560E+3,1.698E+0,
73500006.000000,3.620E+3,3.557E+3,1.041E+0,
73600006.000000,3.612E+3,3.555E+3,9.558E-1,
73700006.000000,3.567E+3,3.552E+3,2.555E-1,
73800006.000000,3.531E+3,3.549E+3,-3.021E-1,
73900006.000000,3.567E+3,3.546E+3,3.486E-1,
74000006.000000,3.637E+3,3.543E+3,1.552E+0,
74100006.000000,3.633E+3,3.541E+3,1.531E+0,
74200006.000000,3.527E+3,3.538E+3,-1.853E-1,
74300006.000000,3.516E+3,3.535E+3,-3.258E-1,
74400006.000000,3.576E+3,3.533E+3,7.248E-1,
74500006.000000,3.501E+3,3.530E+3,-4.905E-1,
74600006.000000,3.552E+3,3.527E+3,4.127E-1,
74700006.000000,3.469E+3,3.525E+3,-9.475E-1,
74800006.000000,3.418E+3,3.522E+3,-1.783E+0,
74900006.000000,3.565E+3,3.520E+3,7.591E-1,
75000006.000000,3.509E+3,3.517E+3,-1.374E-1,
75100006.000000,3.472E+3,3.515E+3,-7.234E-1,
75200006.000000,3.461E+3,3.512E+3,-8.691E-1,
75300006.000000,3.480E+3,3.510E+3,-5.027E-1,
75400006.000000,3.559E+3,3.507E+3,8.683E-1,
75500006.000000,3.522E+3,3.505E+3,2.904E-1,
75600006.000000,3.542E+3,3.502E+3,6.662E-1,
75700006.000000,3.573E+3,3.500E+3,1.222E+0,
75800006.000000,3.579E+3,3.498E+3,1.361E+0,
75900006.000000,3.593E+3,3.495E+3,1.631E+0,
76000006.000000,3.436E+3,3.493E+3,-9.703E-1,
76100006.000000,3.460E+3,3.491E+3,-5.195E-1,
76200006.000000,3.464E+3,3.488E+3,-4.122E-1,
76300006.000000,3.527E+3,3.486E+3,6.908E-1,
76400006.000000,3.437E+3,3.484E+3,-7.968E-1,
76500006.000000,3.397E+3,3.481E+3,-1.449E+0,
76600006.000000,3.332E+3,3.479E+3,-2.551E+0,
76700006.000000,3.408E+3,3.477E+3,-1.182E+0,
76800006.000000,3.487E+3,3.475E+3,2.061E-1,
76900006.000000,3.365E+3,3.473E+3,-1.856E+0,
77000006.000000,3.448E+3,3.470E+3,-3.832E-1,
77100006.000000,3.397E+3,3.468E+3,-1.224E+0,
77200006.000000,3.363E+3,3.466E+3,-1.780E+0,
77300006.000000,3.428E+3,3.464E+3,-6.171E-1,
77400006.000000,3.472E+3,3.462E+3,1.690E-1,
77500006.000000,3.507E+3,3.460E+3,7.942E-1,
77600006.000000,3.549E+3,3.458E+3,1.529E+0,
77700006.000000,3.497E+3,3.456E+3,6.955E-1,
77800006.000000,3.432E+3,3.454E+3,-3.730E-1,
77900006.000000,3.484E+3,3.452E+3,5.448E-1,
78000006.000000,3.376E+3,3.450E+3,-1.271E+0,
78100006.000000,3.450E+3,3.448E+3,3.613E-2,
78200006.000000,3.464E+3,3.446E+3,3.072E-1,
78300006.000000,3.463E+3,3.444E+3,3.233E-1,
78400006.000000,3.574E+3,3.442E+3,2.207E+0,
78500006.000000,3.352E+3,3.440E+3,-1.522E+0,
78600006.000000,3.466E+3,3.438E+3,4.715E-1,
78700006.000000,3.240E+3,3.436E+3,-3.450E+0,
78800006.000000,3.359E+3,3.434E+3,-1.303E+0,
78900006.000000,3.406E+3,3.433E+3,-4.565E-1,
79000006.000000,3.453E+3,3.431E+3,3.777E-1,
79100006.000000,3.444E+3,3.429E+3,2.559E-1,
79200006.000000,3.399E+3,3.427E+3,-4.833E-1,
79300006.000000,3.459E+3,3.425E+3,5.716E-1,
79400006.000000,3.463E+3,3.424E+3,6.694E-1,
79500006.000000,3.435E+3,3.422E+3,2.245E-1,
79600006.000000,3.349E+3,3.420E+3,-1.228E+0,
79700006.000000,3.374E+3,3.418E+3,-7.636E-1,
79800006.000000,3.400E+3,3.417E+3,-2.853E-1,
79900006.000000,3.404E+3,3.415E+3,-1.873E-1,
80000006.000000,3.435E+3,3.413E+3,3.714E-1,
80100006.000000,3.368E+3,3.412E+3,-7.504E-1,
80200006.000000,3.375E+3,3.410E+3,-6.005E-1,
80300006.000000,3.390E+3,3.408E+3,-3.131E-1,
80400006.000000,3.412E+3,3.407E+3,9.263E-2,
80500006.000000,3.500E+3,3.405E+3,1.606E+0,
80600006.000000,3.389E+3,3.403E+3,-2.465E-1,
80700006.000000,3.441E+3,3.402E+3,6.692E-1,
80800006.000000,3.423E+3,3.400E+3,3.904E-1,
80900006.000000,3.308E+3,3.399E+3,-1.575E+0,
81000006.000000,3.527E+3,3.397E+3,2.189E+0,
81100006.000000,3.356E+3,3.395E+3,-6.813E-1,
81200006.000000,3.438E+3,3.394E+3,7.516E-1,
81300006.000000,3.353E+3,3.392E+3,-6.805E-1,
81400006.000000,3.352E+3,3.391E+3,-6.717E-1,
81500006.000000,3.371E+3,3.389E+3,-3.167E-1,
81600006.000000,3.428E+3,3.388E+3,6.849E-1,
81700006.000000,3.398E+3,3.386E+3,1.986E-1,
81800006.000000,3.394E+3,3.385E+3,1.552E-1,
81900006.000000,3.442E+3,3.384E+3,9.971E-1,
82000006.000000,3.391E+3,3.382E+3,1.535E-1,
82100006.000000,3.339E+3,3.381E+3,-7.205E-1,
82200006.000000,3.445E+3,3.379E+3,1.121E+0,
82300006.000000,3.394E+3,3.378E+3,2.780E-1,
82400006.000000,3.389E+3,3.376E+3,2.163E-1,
82500006.000000,3.407E+3,3.375E+3,5.478E-1,
82600006.000000,3.383E+3,3.374E+3,1.608E-1,
82700006.000000,3.309E+3,3.372E+3,-1.100E+0,
82800006.000000,3.385E+3,3.371E+3,2.417E-1,
82900006.000000,3.339E+3,3.370E+3,-5.295E-1,
83000006.000000,3.277E+3,3.368E+3,-1.594E+0,
83100006.000000,3.384E+3,3.367E+3,2.932E-1,
83200007.000000,3.370E+3,3.366E+3,7.519E-2,
83300007.000000,3.401E+3,3.364E+3,6.287E-1,
83400007.000000,3.393E+3,3.363E+3,5.142E-1,
83500007.000000,3.201E+3,3.362E+3,-2.842E+0,
83600007.000000,3.392E+3,3.361E+3,5.408E-1,
83700007.000000,3.391E+3,3.359E+3,5.453E-1,
83800007.000000,3.239E+3,3.358E+3,-2.091E+0,
83900007.000000,3.414E+3,3.357E+3,9.796E-1,
84000007.000000,3.403E+3,3.356E+3,8.137E-1,
84100007.000000,3.307E+3,3.354E+3,-8.228E-1,
84200007.000000,3.334E+3,3.353E+3,-3.309E-1,
84300007.000000,3.397E+3,3.352E+3,7.736E-1,
84400007.000000,3.439E+3,3.351E+3,1.505E+0,
84500007.000000,3.262E+3,3.350E+3,-1.533E+0,
84600007.000000,3.362E+3,3.348E+3,2.350E-1,
84700007.000000,3.309E+3,3.347E+3,-6.643E-1,
84800007.000000,3.280E+3,3.346E+3,-1.154E+0,
84900007.000000,3.211E+3,3.345E+3,-2.363E+0,
85000007.000000,3.234E+3,3.344E+3,-1.931E+0,
85100007.000000,3.306E+3,3.343E+3,-6.377E-1,
85200007.000000,3.216E+3,3.342E+3,-2.214E+0,
85300007.000000,3.284E+3,3.340E+3,-9.850E-1,
85400007.000000,3.352E+3,3.339E+3,2.185E-1,
85500007.000000,3.339E+3,3.338E+3,1.276E-2,
85600007.000000,3.227E+3,3.337E+3,-1.940E+0,
85700007.000000,3.413E+3,3.336E+3,1.316E+0,
85800007.000000,3.290E+3,3.335E+3,-7.854E-1,
85900007.000000,3.437E+3,3.334E+3,1.757E+0,
86000007.000000,3.316E+3,3.333E+3,-2.944E-1,
86100007.000000,3.361E+3,3.332E+3,5.016E-1,
86200007.000000,3.317E+3,3.331E+3,-2.412E-1,
86300007.000000,3.285E+3,3.330E+3,-7.829E-1,
86400007.000000,3.288E+3,3.329E+3,-7.126E-1,
86500007.000000,3.337E+3,3.328E+3,1.583E-1,
86600007.000000,3.343E+3,3.327E+3,2.791E-1,
86700007.000000,3.292E+3,3.326E+3,-5.904E-1,
86800007.000000,3.389E+3,3.325E+3,1.101E+0,
86900007.000000,3.268E+3,3.324E+3,-9.782E-1,
87000007.000000,3.340E+3,3.323E+3,2.949E-1,
87100007.000000,3.338E+3,3.322E+3,2.769E-1,
87200007.000000,3.300E+3,3.321E+3,-3.665E-1,
87300007.000000,3.323E+3,3.320E+3,5.006E-2,
87400007.000000,3.332E+3,3.319E+3,2.221E-1,
87500007.000000,3.424E+3,3.318E+3,1.807E+0,
87600007.000000,3.241E+3,3.317E+3,-1.341E+0,
87700007.000000,3.368E+3,3.316E+3,8.887E-1,
87800007.000000,3.208E+3,3.316E+3,-1.898E+0,
87900007.000000,3.313E+3,3.315E+3,-2.825E-2,
88000007.000000,3.289E+3,3.314E+3,-4.313E-1,
88100007.000000,3.296E+3,3.313E+3,-2.936E-1,
88200007.000000,3.312E+3,3.312E+3,3.394E-4,
88300007.000000,3.313E+3,3.311E+3,3.279E-2,
88400007.000000,3.298E+3,3.310E+3,-2.133E-1,
88500007.000000,3.315E+3,3.309E+3,9.730E-2,
88600007.000000,3.251E+3,3.309E+3,-1.009E+0,
88700007.000000,3.307E+3,3.308E+3,-1.235E-2,
88800007.000000,3.262E+3,3.307E+3,-7.857E-1,
88900007.000000,3.418E+3,3.306E+3,1.915E+0,
89000007.000000,3.274E+3,3.305E+3,-5.458E-1,
89100007.000000,3.341E+3,3.304E+3,6.329E-1,
89200007.000000,3.440E+3,3.304E+3,2.325E+0,
89300007.000000,3.397E+3,3.303E+3,1.616E+0,
89400007.000000,3.427E+3,3.302E+3,2.135E+0,
89500007.000000,3.374E+3,3.301E+3,1.253E+0,
89600007.000000,3.308E+3,3.300E+3,1.314E-1,
89700007.000000,3.231E+3,3.300E+3,-1.208E+0,
89800007.000000,3.292E+3,3.299E+3,-1.203E-1,
89900007.000000,3.208E+3,3.298E+3,-1.591E+0,
90000007.000000,3.300E+3,3.297E+3,4.559E-2,
90100007.000000,3.267E+3,3.297E+3,-5.184E-1,
90200007.000000,3.283E+3,3.296E+3,-2.249E-1,
90300007.000000,3.394E+3,3.295E+3,1.697E+0,
90400007.000000,3.229E+3,3.294E+3,-1.151E+0,
90500007.000000,3.343E+3,3.294E+3,8.529E-1,
90600007.000000,3.236E+3,3.293E+3,-1.001E+0,
90700007.000000,3.216E+3,3.292E+3,-1.345E+0,
90800007.000000,3.271E+3,3.292E+3,-3.592E-1,
90900007.000000,3.259E+3,3.291E+3,-5.577E-1,
91000007.000000,3.335E+3,3.290E+3,7.768E-1,
91100007.000000,3.268E+3,3.289E+3,-3.752E-1,
91200007.000000,3.245E+3,3.289E+3,-7.682E-1,
91300007.000000,3.304E+3,3.288E+3,2.770E-1,
91400007.000000,3.266E+3,3.287E+3,-3.745E-1,
91500007.000000,3.347E+3,3.287E+3,1.042E+0,
91600007.000000,3.260E+3,3.286E+3,-4.565E-1,
91700007.000000,3.413E+3,3.285E+3,2.184E+0,
91800007.000000,3.213E+3,3.285E+3,-1.266E+0,
91900007.000000,3.258E+3,3.284E+3,-4.573E-1,
92000007.000000,3.337E+3,3.283E+3,9.268E-1,
92100007.000000,3.319E+3,3.283E+3,6.280E-1,
92200007.000000,3.318E+3,3.282E+3,6.217E-1,
92300007.000000,3.266E+3,3.282E+3,-2.722E-1,
92400007.000000,3.227E+3,3.281E+3,-9.494E-1,
92500007.000000,3.219E+3,3.280E+3,-1.081E+0,
92600007.000000,3.281E+3,3.280E+3,2.265E-2,
92700007.000000,3.223E+3,3.279E+3,-9.881E-1,
92800007.000000,3.311E+3,3.278E+3,5.650E-1,
92900007.000000,3.259E+3,3.278E+3,-3.309E-1,
93000007.000000,3.428E+3,3.277E+3,2.574E+0,
93100007.000000,3.248E+3,3.277E+3,-5.037E-1,
93200007.000000,3.252E+3,3.276E+3,-4.230E-1,
93300007.000000,3.216E+3,3.276E+3,-1.050E+0,
93400007.000000,3.200E+3,3.275E+3,-1.325E+0,
93500007.000000,3.281E+3,3.274E+3,1.153E-1,
93600007.000000,3.286E+3,3.274E+3,2.123E-1,
93700007.000000,3.223E+3,3.273E+3,-8.855E-1,
93800007.000000,3.290E+3,3.273E+3,3.014E-1,
93900007.000000,3.263E+3,3.272E+3,-1.603E-1,
94000007.000000,3.302E+3,3.272E+3,5.288E-1,
94100007.000000,3.219E+3,3.271E+3,-9.177E-1,
94200007.000000,3.206E+3,3.271E+3,-1.140E+0,
94300007.000000,3.259E+3,3.270E+3,-1.926E-1,
94400007.000000,3.270E+3,3.269E+3,9.410E-3,
94500007.000000,3.357E+3,3.269E+3,1.520E+0,
94600007.000000,3.258E+3,3.268E+3,-1.824E-1,
94700007.000000,3.213E+3,3.268E+3,-9.685E-1,
94800007.000000,3.331E+3,3.267E+3,1.102E+0,
94900007.000000,3.222E+3,3.267E+3,-7.905E-1,
95000007.000000,3.196E+3,3.266E+3,-1.245E+0,
95100007.000000,3.257E+3,3.266E+3,-1.553E-1,
95200007.000000,3.354E+3,3.265E+3,1.530E+0,
95300007.000000,3.187E+3,3.265E+3,-1.379E+0,
95400007.000000,3.286E+3,3.264E+3,3.771E-1,
95500007.000000,3.238E+3,3.264E+3,-4.551E-1,
95600007.000000,3.171E+3,3.263E+3,-1.641E+0,
95700007.000000,3.254E+3,3.263E+3,-1.567E-1,
95800007.000000,3.259E+3,3.262E+3,-6.066E-2,
95900007.000000,3.211E+3,3.262E+3,-8.999E-1,
96000008.000000,3.255E+3,3.262E+3,-1.144E-1,
96100008.000000,3.274E+3,3.261E+3,2.261E-1,
96200008.000000,3.132E+3,3.261E+3,-2.298E+0,
96300008.000000,3.271E+3,3.260E+3,1.897E-1,
96400008.000000,3.266E+3,3.260E+3,1.103E-1,
96500008.000000,3.202E+3,3.259E+3,-1.012E+0,
96600008.000000,3.247E+3,3.259E+3,-2.072E-1,
96700008.000000,3.201E+3,3.258E+3,-1.014E+0,
96800008.000000,3.218E+3,3.258E+3,-7.038E-1,
96900008.000000,3.262E+3,3.257E+3,7.893E-2,
97000008.000000,3.287E+3,3.257E+3,5.222E-1,
97100008.000000,3.316E+3,3.257E+3,1.031E+0,
97200008.000000,3.240E+3,3.256E+3,-2.848E-1,
97300008.000000,3.204E+3,3.256E+3,-9.150E-1,
97400008.000000,3.267E+3,3.255E+3,2.034E-1,
97500008.000000,3.304E+3,3.255E+3,8.531E-1,
97600008.000000,3.284E+3,3.255E+3,5.139E-1,
97700008.000000,3.169E+3,3.254E+3,-1.512E+0,
97800008.000000,3.364E+3,3.254E+3,1.901E+0,
97900008.000000,3.187E+3,3.253E+3,-1.175E+0,
98000008.000000,3.183E+3,3.253E+3,-1.240E+0,
98100008.000000,3.153E+3,3.253E+3,-1.773E+0,
98200008.000000,3.242E+3,3.252E+3,-1.784E-1,
98300008.000000,3.187E+3,3.252E+3,-1.147E+0,
98400008.000000,3.341E+3,3.251E+3,1.550E+0,
98500008.000000,3.278E+3,3.251E+3,4.715E-1,
98600008.000000,3.212E+3,3.251E+3,-6.815E-1,
98700008.000000,3.326E+3,3.250E+3,1.313E+0,
98800008.000000,3.229E+3,3.250E+3,-3.674E-1,
98900008.000000,3.237E+3,3.250E+3,-2.199E-1,
99000008.000000,3.297E+3,3.249E+3,8.335E-1,
99100008.000000,3.245E+3,3.249E+3,-6.635E-2,
99200008.000000,3.235E+3,3.248E+3,-2.359E-1,
99300008.000000,3.286E+3,3.248E+3,6.618E-1,
99400008.000000,3.252E+3,3.248E+3,7.528E-2,
99500008.000000,3.267E+3,3.247E+3,3.437E-1,
99600008.000000,3.310E+3,3.247E+3,1.095E+0,
99700008.000000,3.161E+3,3.247E+3,-1.524E+0,
99800008.000000,3.194E+3,3.246E+3,-9.257E-1,
99900008.000000,3.203E+3,3.246E+3,-7.594E-1,
