Labels	400	
Type	Time Scan	
Comment		
Start	0.00	
Stop	99975008.000000	
Step	2.5E04	
Fixed/Offset	 	
XAxis	Time	
YAxis	Counts	

0.00	7.170E+2	
2.5E04	7.420E+2	
5E04	7.370E+2	
75000.006000	7.960E+2	
1E05	7.680E+2	
1.25E05	7.330E+2	
1.5E05	8.590E+2	
1.75E05	8.910E+2	
2E05	9.230E+2	
2.25E05	1.046E+3	
2.5E05	1.061E+3	
2.75E05	1.124E+3	
3E05	1.158E+3	
3.25E05	1.193E+3	
3.5E05	1.187E+3	
3.75E05	1.262E+3	
4E05	1.295E+3	
4.25E05	1.257E+3	
4.5E05	1.301E+3	
4.75E05	1.258E+3	
5E05	1.337E+3	
5.25E05	1.326E+3	
5.5E05	1.294E+3	
5.75E05	1.307E+3	
6E05	1.292E+3	
6.25E05	1.256E+3	
650000.050000	1.258E+3	
675000.050000	1.343E+3	
700000.050000	1.330E+3	
725000.060000	1.378E+3	
750000.060000	1.319E+3	
775000.060000	1.280E+3	
800000.060000	1.282E+3	
825000.060000	1.283E+3	
850000.070000	1.304E+3	
875000.070000	1.319E+3	
900000.070000	1.349E+3	
925000.070000	1.296E+3	
950000.070000	1.328E+3	
975000.080000	1.314E+3	
1E06	1.341E+3	
1.025E006	1.288E+3	
1.05E06	1.286E+3	
1.075E006	1.292E+3	
1.1E06	1.253E+3	
1.125E006	1.283E+3	
1.15E06	1.325E+3	
1.175E006	1.307E+3	
1.2E06	1.321E+3	
1.225E006	1.262E+3	
1.25E06	1.287E+3	
1.275E006	1.340E+3	
1.3E06	1.279E+3	
1.325E006	1.257E+3	
1.35E06	1.303E+3	
1.375E006	1.313E+3	
1.4E06	1.309E+3	
1.425E006	1.341E+3	
1.45E06	1.192E+3	
1.475E006	1.271E+3	
1.5E06	1.290E+3	
1.525E006	1.333E+3	
1.55E06	1.253E+3	
1.575E006	1.263E+3	
1.6E06	1.233E+3	
1.625E006	1.267E+3	
1.65E06	1.242E+3	
1.675E006	1.217E+3	
1.7E06	1.256E+3	
1.725E006	1.218E+3	
1.75E06	1.178E+3	
1.775E006	1.251E+3	
1.8E06	1.203E+3	
1.825E006	1.313E+3	
1.85E06	1.203E+3	
1.875E006	1.270E+3	
1.9E06	1.247E+3	
1.925E006	1.310E+3	
1.95E06	1.211E+3	
1.975E006	1.230E+3	
2E06	1.227E+3	
2.025E006	1.152E+3	
2.05E06	1.160E+3	
2.075E006	1.189E+3	
2.1E06	1.192E+3	
2.125E006	1.174E+3	
2.15E06	1.250E+3	
2.175E006	1.222E+3	
2.2E06	1.174E+3	
2.225E006	1.263E+3	
2.25E06	1.201E+3	
2.275E006	1.172E+3	
2.3E06	1.216E+3	
2.325E006	1.204E+3	
2.35E06	1.214E+3	
2.375E006	1.232E+3	
2.4E06	1.290E+3	
2.425E006	1.175E+3	
2.45E06	1.199E+3	
2.475E006	1.189E+3	
2.5E06	1.216E+3	
2.525E006	1.148E+3	
2.55E06	1.141E+3	
2.575E006	1.123E+3	
2.6E06	1.169E+3	
2.625E006	1.175E+3	
2.65E06	1.258E+3	
2.675E006	1.217E+3	
2.7E06	1.144E+3	
2.725E006	1.198E+3	
2.75E06	1.183E+3	
2.775E006	1.209E+3	
2.8E06	1.178E+3	
2.825E006	1.187E+3	
2.85E06	1.185E+3	
2.875E006	1.201E+3	
2.9E06	1.159E+3	
2.925E006	1.137E+3	
2.95E06	1.197E+3	
2.975E006	1.145E+3	
3E06	1.131E+3	
3.025E006	1.207E+3	
3.05E06	1.152E+3	
3.075E006	1.246E+3	
3.1E06	1.148E+3	
3.125E006	1.160E+3	
3.15E06	1.182E+3	
3.175E006	1.148E+3	
3.2E06	1.138E+3	
3.225E006	1.159E+3	
3.25E06	1.202E+3	
3.275E006	1.217E+3	
3.3E06	1.107E+3	
3.325E006	1.136E+3	
3.35E06	1.131E+3	
3.375E006	1.094E+3	
3.4E06	1.126E+3	
3.425E006	1.103E+3	
3.45E06	1.184E+3	
3.475E006	1.113E+3	
3.5E06	1.124E+3	
3.525E006	1.171E+3	
3.55E06	1.115E+3	
3.575E006	1.135E+3	
3.6E06	1.175E+3	
3.625E006	1.132E+3	
3.65E06	1.116E+3	
3.675E006	1.091E+3	
3.7E06	1.112E+3	
3.725E006	1.107E+3	
3.75E06	1.179E+3	
3.775E006	1.163E+3	
3.8E06	1.112E+3	
3.825E006	1.040E+3	
3.85E06	1.093E+3	
3.875E006	1.170E+3	
3.9E06	1.094E+3	
3.925E006	1.078E+3	
3.95E06	1.122E+3	
3.975E006	1.201E+3	
4E06	1.042E+3	
4.025E006	1.118E+3	
4.05E06	1.137E+3	
4.075E006	1.083E+3	
4.1E06	1.097E+3	
4.125E006	1.124E+3	
4.15E06	1.139E+3	
4.175E006	1.117E+3	
4.2E06	1.056E+3	
4.225E006	1.084E+3	
4.25E06	1.126E+3	
4.275E006	1.092E+3	
4.3E06	1.133E+3	
4.325E006	1.086E+3	
4.35E06	1.085E+3	
4.375E006	1.050E+3	
4.4E06	1.061E+3	
4.425E006	1.045E+3	
4.45E06	1.039E+3	
4.475E006	1.041E+3	
4.5E06	1.082E+3	
4.525E006	1.100E+3	
4.55E06	1.040E+3	
4.575E006	1.093E+3	
4.6E06	1.069E+3	
4.625E006	1.016E+3	
4.65E06	1.058E+3	
4.675E006	1.086E+3	
4.7E06	1.093E+3	
4.725E006	1.044E+3	
4.75E06	1.092E+3	
4.775E006	1.054E+3	
4.8E06	1.057E+3	
4.825E006	1.060E+3	
4.85E06	1.020E+3	
4.875E006	1.025E+3	
4.9E06	9.930E+2	
4.925E006	9.940E+2	
4.95E06	9.660E+2	
4.975E006	1.001E+3	
5E06	1.018E+3	
5.025E006	1.048E+3	
5.05E06	1.026E+3	
5.075E006	9.950E+2	
5.1E06	1.038E+3	
5.125E006	1.039E+3	
5.15E06	1.001E+3	
5.175E006	9.920E+2	
5.2E06	1.011E+3	
5.225E006	1.006E+3	
5.25E06	1.030E+3	
5.275E006	1.067E+3	
5.3E06	1.059E+3	
5.325E006	9.760E+2	
5.35E06	1.005E+3	
5.375E006	1.041E+3	
5.4E06	9.910E+2	
5.425E006	9.950E+2	
5.45E06	1.020E+3	
5.475E006	9.930E+2	
5.5E06	9.850E+2	
5.525E006	1.074E+3	
5.55E06	1.047E+3	
5.575E006	1.037E+3	
5.6E06	9.700E+2	
5.625E006	1.009E+3	
5.65E06	9.970E+2	
5.675E006	9.930E+2	
5.7E06	9.900E+2	
5.725E006	1.052E+3	
5.75E06	1.032E+3	
5.775E006	9.790E+2	
5.8E06	9.870E+2	
5.825E006	1.016E+3	
5.85E06	1.002E+3	
5.875E006	1.016E+3	
5.9E06	9.530E+2	
5.925E006	9.480E+2	
5.95E06	9.990E+2	
5.975E006	9.140E+2	
6E06	9.750E+2	
6.025E006	1.042E+3	
6.05E06	9.660E+2	
6.075E006	9.980E+2	
6.1E06	1.009E+3	
6.125E006	1.035E+3	
6.15E06	9.890E+2	
6.175E006	9.310E+2	
6.2E06	1.001E+3	
6.225E006	1.007E+3	
6.25E06	9.420E+2	
6.275E006	9.740E+2	
6.3E06	1.007E+3	
6.325E006	9.860E+2	
6.35E06	9.660E+2	
6.375E006	9.450E+2	
6400000.500000	9.750E+2	
6425000.500000	1.000E+3	
6450000.500000	9.620E+2	
6475000.500000	9.920E+2	
6500000.500000	8.960E+2	
6525000.500000	9.340E+2	
6550000.500000	9.200E+2	
6575000.500000	9.520E+2	
6600000.500000	9.710E+2	
6625000.500000	9.340E+2	
6650000.500000	9.580E+2	
6675000.500000	9.390E+2	
6700000.500000	9.400E+2	
6725000.500000	9.990E+2	
6750000.500000	9.590E+2	
6775000.500000	9.540E+2	
6800000.500000	1.008E+3	
6825000.500000	9.660E+2	
6850000.500000	9.430E+2	
6875000.500000	9.300E+2	
6900000.500000	9.730E+2	
6925000.500000	9.590E+2	
6950000.500000	9.590E+2	
6975000.500000	9.630E+2	
7000000.500000	9.310E+2	
7025000.500000	9.390E+2	
7050000.600000	9.130E+2	
7075000.600000	9.990E+2	
7100000.600000	9.480E+2	
7125000.600000	9.740E+2	
7150000.600000	9.480E+2	
7175000.600000	9.140E+2	
7200000.600000	9.250E+2	
7225000.600000	8.840E+2	
7250000.600000	9.140E+2	
7275000.600000	9.730E+2	
7300000.600000	1.020E+3	
7325000.600000	9.540E+2	
7350000.600000	9.290E+2	
7375000.600000	8.910E+2	
7400000.600000	9.830E+2	
7425000.600000	8.920E+2	
7450000.600000	9.440E+2	
7475000.600000	9.370E+2	
7500000.600000	9.560E+2	
7525000.600000	9.250E+2	
7550000.600000	9.110E+2	
7575000.600000	9.600E+2	
7600000.600000	9.210E+2	
7625000.600000	8.940E+2	
7650000.600000	8.910E+2	
7675000.600000	9.260E+2	
7700000.600000	9.570E+2	
7725000.600000	9.330E+2	
7750000.600000	9.480E+2	
7775000.600000	9.030E+2	
7800000.600000	9.220E+2	
7825000.600000	9.080E+2	
7850000.600000	9.050E+2	
7875000.600000	8.880E+2	
7900000.600000	8.560E+2	
7925000.600000	9.710E+2	
7950000.600000	8.970E+2	
7975000.600000	9.240E+2	
8000000.600000	9.020E+2	
8025000.600000	9.390E+2	
8050000.600000	9.010E+2	
8075000.600000	9.000E+2	
8100000.600000	9.680E+2	
8125000.600000	9.180E+2	
8150000.600000	9.060E+2	
8175000.600000	9.010E+2	
8200000.600000	9.390E+2	
8225000.600000	9.400E+2	
8250000.600000	8.810E+2	
8275000.600000	9.210E+2	
8300000.600000	9.390E+2	
8325000.700000	9.120E+2	
8350000.700000	9.160E+2	
8375000.700000	9.080E+2	
8400000.700000	8.930E+2	
8425000.700000	9.020E+2	
8450000.700000	9.350E+2	
8475000.700000	8.740E+2	
8500000.700000	9.030E+2	
8525000.700000	8.950E+2	
8550000.700000	9.450E+2	
8575000.700000	8.830E+2	
8600000.700000	9.220E+2	
8625000.700000	8.920E+2	
8650000.700000	9.140E+2	
8675000.700000	8.900E+2	
8700000.700000	8.910E+2	
8725000.700000	9.050E+2	
8750000.700000	8.920E+2	
8775000.700000	9.050E+2	
8800000.700000	8.390E+2	
8825000.700000	8.700E+2	
8850000.700000	8.640E+2	
8875000.700000	8.660E+2	
8900000.700000	8.900E+2	
8925000.700000	8.760E+2	
8950000.700000	9.010E+2	
8975000.700000	8.800E+2	
9000000.700000	9.250E+2	
9025000.700000	8.480E+2	
9050000.700000	8.900E+2	
9075000.700000	8.630E+2	
9100000.700000	9.680E+2	
9125000.700000	8.760E+2	
9150000.700000	8.860E+2	
9175000.700000	9.000E+2	
9200000.700000	8.530E+2	
9225000.700000	8.320E+2	
9250000.700000	8.660E+2	
9275000.700000	9.530E+2	
9300000.700000	9.090E+2	
9325000.700000	8.550E+2	
9350000.700000	9.110E+2	
9375000.700000	9.180E+2	
9400000.700000	8.510E+2	
9425000.700000	8.630E+2	
9450000.700000	8.880E+2	
9475000.700000	8.830E+2	
9500000.700000	8.710E+2	
9525000.700000	8.720E+2	
9550000.700000	8.460E+2	
9575000.700000	8.700E+2	
9600000.800000	9.250E+2	
9625000.800000	8.290E+2	
9650000.800000	8.760E+2	
9675000.800000	8.750E+2	
9700000.800000	8.500E+2	
9725000.800000	8.740E+2	
9750000.800000	9.000E+2	
9775000.800000	8.930E+2	
9800000.800000	8.640E+2	
9825000.800000	8.710E+2	
9850000.800000	8.160E+2	
9875000.800000	8.730E+2	
9900000.800000	8.030E+2	
9925000.800000	8.290E+2	
9950000.800000	8.580E+2	
9975000.800000	8.380E+2	
1E07	8.580E+2	
1.0025E0007	8.650E+2	
1.005E007	8.530E+2	
1.0075E0007	8.900E+2	
1.01E07	8.420E+2	
1.0125E0007	8.580E+2	
1.015E007	8.720E+2	
1.0175E0007	8.070E+2	
1.02E07	8.730E+2	
1.0225E0007	8.140E+2	
1.025E007	8.970E+2	
1.0275E0007	8.590E+2	
1.03E07	8.360E+2	
1.0325E0007	7.560E+2	
1.035E007	8.470E+2	
1.0375E0007	8.740E+2	
1.04E07	8.150E+2	
1.0425E0007	8.860E+2	
1.045E007	8.500E+2	
1.0475E0007	8.510E+2	
1.05E07	8.270E+2	
1.0525E0007	8.760E+2	
1.055E007	8.090E+2	
1.0575E0007	8.350E+2	
1.06E07	8.630E+2	
1.0625E0007	8.600E+2	
1.065E007	7.930E+2	
1.0675E0007	8.310E+2	
1.07E07	8.400E+2	
1.0725E0007	8.700E+2	
1.075E007	8.510E+2	
1.0775E0007	8.910E+2	
1.08E07	8.550E+2	
1.0825E0007	8.610E+2	
1.085E007	8.310E+2	
1.0875E0007	8.500E+2	
1.09E07	8.340E+2	
1.0925E0007	9.000E+2	
1.095E007	8.250E+2	
1.0975E0007	7.920E+2	
1.1E07	8.210E+2	
1.1025E0007	7.980E+2	
1.105E007	8.140E+2	
1.1075E0007	8.210E+2	
1.11E07	8.380E+2	
1.1125E0007	8.030E+2	
1.115E007	7.960E+2	
1.1175E0007	8.420E+2	
1.12E07	7.640E+2	
1.1225E0007	7.990E+2	
1.125E007	8.790E+2	
1.1275E0007	8.750E+2	
1.13E07	7.820E+2	
1.1325E0007	8.970E+2	
1.135E007	8.150E+2	
1.1375E0007	7.870E+2	
1.14E07	7.660E+2	
1.1425E0007	8.010E+2	
1.145E007	7.980E+2	
1.1475E0007	8.000E+2	
1.15E07	8.480E+2	
1.1525E0007	8.360E+2	
1.155E007	8.330E+2	
1.1575E0007	8.230E+2	
1.16E07	8.560E+2	
1.1625E0007	7.870E+2	
1.165E007	7.800E+2	
1.1675E0007	8.080E+2	
1.17E07	8.300E+2	
1.1725E0007	8.350E+2	
1.175E007	7.900E+2	
1.1775E0007	8.600E+2	
1.18E07	8.890E+2	
1.1825E0007	8.770E+2	
1.185E007	8.900E+2	
1.1875E0007	8.510E+2	
1.19E07	8.160E+2	
1.1925E0007	8.000E+2	
1.195E007	8.430E+2	
1.1975E0007	8.100E+2	
1.2E07	8.500E+2	
1.2025E0007	7.950E+2	
1.205E007	7.870E+2	
1.2075E0007	8.560E+2	
1.21E07	7.790E+2	
1.2125E0007	8.070E+2	
1.215E007	7.990E+2	
1.2175E0007	7.940E+2	
1.22E07	8.460E+2	
1.2225E0007	8.170E+2	
1.225E007	8.170E+2	
1.2275E0007	7.560E+2	
1.23E07	8.450E+2	
1.2325E0007	8.400E+2	
1.235E007	8.260E+2	
1.2375E0007	7.760E+2	
1.24E07	8.000E+2	
1.2425E0007	7.660E+2	
1.245E007	8.320E+2	
1.2475E0007	8.150E+2	
1.25E07	7.830E+2	
1.2525E0007	8.240E+2	
1.255E007	8.520E+2	
1.2575E0007	8.210E+2	
1.26E07	7.720E+2	
1.2625E0007	7.470E+2	
1.265E007	8.480E+2	
1.2675E0007	8.140E+2	
1.27E07	8.410E+2	
1.2725E0007	7.940E+2	
1.275E007	8.210E+2	
1.2775E0007	8.170E+2	
1.28E07	8.150E+2	
1.2825E0007	8.420E+2	
1.285E007	8.090E+2	
1.2875E0007	7.890E+2	
1.29E07	7.580E+2	
1.2925E0007	8.080E+2	
1.295E007	7.790E+2	
1.2975E0007	8.350E+2	
1.3E07	7.970E+2	
1.3025E0007	8.200E+2	
1.305E007	7.810E+2	
1.3075E0007	8.030E+2	
1.31E07	7.760E+2	
1.3125E0007	8.060E+2	
1.315E007	8.170E+2	
1.3175E0007	8.340E+2	
1.32E07	7.750E+2	
1.3225E0007	8.280E+2	
1.325E007	7.610E+2	
1.3275E0007	8.220E+2	
1.33E07	8.070E+2	
1.3325E0007	8.160E+2	
1.335E007	8.050E+2	
1.3375E0007	8.100E+2	
1.34E07	8.060E+2	
1.3425E0007	8.130E+2	
1.345E007	7.740E+2	
1.3475E0007	8.100E+2	
1.35E07	8.170E+2	
1.3525E0007	8.420E+2	
1.355E007	7.490E+2	
1.3575E0007	8.460E+2	
1.36E07	8.330E+2	
1.3625E0007	8.210E+2	
1.365E007	8.040E+2	
1.3675E0007	8.050E+2	
1.37E07	8.250E+2	
1.3725E0007	8.060E+2	
1.375E007	7.850E+2	
1.3775E0007	8.220E+2	
1.38E07	7.750E+2	
1.3825E0007	7.640E+2	
1.385E007	7.730E+2	
1.3875E0007	8.100E+2	
1.39E07	7.980E+2	
1.3925E0007	7.610E+2	
1.395E007	8.060E+2	
1.3975E0007	8.380E+2	
1.4E07	7.800E+2	
1.4025E0007	8.210E+2	
1.405E007	8.420E+2	
1.4075E0007	7.880E+2	
1.41E07	8.220E+2	
1.4125E0007	7.770E+2	
1.415E007	8.000E+2	
1.4175E0007	8.020E+2	
1.42E07	7.710E+2	
1.4225E0007	7.760E+2	
1.425E007	7.910E+2	
1.4275E0007	7.380E+2	
1.43E07	7.580E+2	
1.4325E0007	7.520E+2	
1.435E007	7.460E+2	
1.4375E0007	7.550E+2	
1.44E07	8.170E+2	
1.4425E0007	7.480E+2	
1.445E007	7.740E+2	
1.4475E0007	8.270E+2	
1.45E07	8.090E+2	
1.4525E0007	7.660E+2	
1.455E007	7.900E+2	
1.4575E0007	7.690E+2	
1.46E07	7.750E+2	
1.4625E0007	8.230E+2	
1.465E007	7.950E+2	
1.4675E0007	7.730E+2	
1.47E07	7.510E+2	
1.4725E0007	7.920E+2	
1.475E007	7.670E+2	
1.4775E0007	7.460E+2	
1.48E07	7.480E+2	
1.4825E0007	7.810E+2	
1.485E007	7.420E+2	
1.4875E0007	8.020E+2	
1.49E07	7.880E+2	
1.4925E0007	8.040E+2	
1.495E007	8.030E+2	
1.4975E0007	7.750E+2	
1.5E07	7.710E+2	
1.5025E0007	7.450E+2	
1.505E007	7.750E+2	
1.5075E0007	7.830E+2	
1.51E07	7.790E+2	
1.5125E0007	7.830E+2	
1.515E007	8.110E+2	
1.5175E0007	7.710E+2	
1.52E07	8.200E+2	
1.5225E0007	8.020E+2	
1.525E007	8.020E+2	
1.5275E0007	7.950E+2	
1.53E07	7.670E+2	
1.5325E0007	7.770E+2	
1.535E007	7.840E+2	
1.5375E0007	7.690E+2	
1.54E07	7.450E+2	
1.5425E0007	8.080E+2	
1.545E007	7.500E+2	
1.5475E0007	7.670E+2	
1.55E07	8.250E+2	
1.5525E0007	7.660E+2	
1.555E007	7.730E+2	
1.5575E0007	8.070E+2	
1.56E07	7.650E+2	
1.5625E0007	7.860E+2	
1.565E007	7.610E+2	
1.5675E0007	7.980E+2	
1.57E07	7.690E+2	
1.5725E0007	7.530E+2	
1.575E007	7.930E+2	
1.5775E0007	8.180E+2	
1.58E07	7.540E+2	
1.5825E0007	7.860E+2	
1.585E007	7.970E+2	
1.5875E0007	7.660E+2	
1.59E07	8.160E+2	
1.5925E0007	7.720E+2	
1.595E007	7.910E+2	
1.5975E0007	7.880E+2	
1.6E07	7.560E+2	
1.6025E0007	7.690E+2	
1.605E007	7.760E+2	
1.6075E0007	8.020E+2	
1.61E07	8.060E+2	
1.6125E0007	7.650E+2	
1.615E007	7.480E+2	
1.6175E0007	7.670E+2	
1.62E07	7.580E+2	
1.6225E0007	7.520E+2	
1.625E007	8.160E+2	
1.6275E0007	7.680E+2	
1.63E07	7.590E+2	
1.6325E0007	7.730E+2	
1.635E007	7.560E+2	
1.6375E0007	7.560E+2	
1.64E07	7.310E+2	
1.6425E0007	8.050E+2	
1.645E007	8.040E+2	
1.6475E0007	7.550E+2	
1.65E07	7.490E+2	
1.6525E0007	7.820E+2	
1.655E007	7.990E+2	
1.6575E0007	7.650E+2	
1.66E07	7.540E+2	
1.6625E0007	6.940E+2	
1.665E007	7.480E+2	
1.6675E0007	7.430E+2	
1.67E07	8.070E+2	
1.6725E0007	7.880E+2	
1.675E007	7.120E+2	
1.6775E0007	7.230E+2	
1.68E07	7.830E+2	
1.6825E0007	7.010E+2	
1.685E007	7.330E+2	
1.6875E0007	7.620E+2	
1.69E07	6.990E+2	
1.6925E0007	7.610E+2	
1.695E007	7.510E+2	
1.6975E0007	7.670E+2	
1.7E07	7.460E+2	
1.7025E0007	7.430E+2	
1.705E007	7.710E+2	
1.7075E0007	7.520E+2	
1.71E07	7.500E+2	
1.7125E0007	7.690E+2	
1.715E007	7.910E+2	
1.7175E0007	7.810E+2	
1.72E07	7.150E+2	
1.7225E0007	7.360E+2	
1.725E007	7.970E+2	
1.7275E0007	7.590E+2	
1.73E07	7.660E+2	
1.7325E0007	7.570E+2	
1.735E007	7.910E+2	
1.7375E0007	7.760E+2	
1.74E07	7.280E+2	
1.7425E0007	7.780E+2	
1.745E007	7.670E+2	
1.7475E0007	7.420E+2	
1.75E07	7.130E+2	
1.7525E0007	7.470E+2	
1.755E007	7.390E+2	
1.7575E0007	7.510E+2	
1.76E07	7.670E+2	
1.7625E0007	7.970E+2	
1.765E007	7.670E+2	
1.7675E0007	8.240E+2	
1.77E07	7.920E+2	
1.7725E0007	7.100E+2	
1.775E007	7.660E+2	
1.7775E0007	7.480E+2	
1.78E07	7.440E+2	
1.7825E0007	8.160E+2	
1.785E007	7.890E+2	
1.7875E0007	7.580E+2	
1.79E07	7.510E+2	
1.7925E0007	7.520E+2	
1.795E007	7.830E+2	
1.7975E0007	7.400E+2	
1.8E07	7.770E+2	
1.8025E0007	7.700E+2	
1.805E007	7.380E+2	
1.8075E0007	7.130E+2	
1.81E07	7.770E+2	
1.8125E0007	7.700E+2	
1.815E007	8.010E+2	
1.8175E0007	7.960E+2	
1.82E07	7.530E+2	
1.8225E0007	7.440E+2	
1.825E007	7.310E+2	
1.8275E0007	7.600E+2	
1.83E07	7.660E+2	
1.8325E0007	7.610E+2	
1.835E007	7.510E+2	
1.8375E0007	7.430E+2	
1.84E07	7.640E+2	
1.8425E0007	7.370E+2	
1.845E007	7.730E+2	
1.8475E0007	7.730E+2	
1.85E07	7.400E+2	
1.8525E0007	7.790E+2	
1.855E007	7.520E+2	
1.8575E0007	7.490E+2	
1.86E07	7.570E+2	
1.8625E0007	7.940E+2	
1.865E007	8.150E+2	
1.8675E0007	7.650E+2	
1.87E07	7.720E+2	
1.8725E0007	8.100E+2	
1.875E007	7.450E+2	
1.8775E0007	7.840E+2	
1.88E07	7.320E+2	
1.8825E0007	7.530E+2	
1.885E007	7.720E+2	
1.8875E0007	7.910E+2	
1.89E07	7.390E+2	
1.8925E0007	7.600E+2	
1.895E007	7.780E+2	
1.8975E0007	7.430E+2	
1.9E07	7.170E+2	
1.9025E0007	7.910E+2	
1.905E007	7.230E+2	
1.9075E0007	8.010E+2	
1.91E07	7.530E+2	
1.9125E0007	7.300E+2	
1.915E007	8.470E+2	
1.9175E0007	7.810E+2	
1.92E07	7.250E+2	
1.9225E0007	7.290E+2	
1.925E007	7.470E+2	
1.9275E0007	7.090E+2	
1.93E07	7.860E+2	
1.9325E0007	8.400E+2	
1.935E007	7.530E+2	
1.9375E0007	7.470E+2	
1.94E07	7.380E+2	
1.9425E0007	7.630E+2	
1.945E007	7.650E+2	
1.9475E0007	7.480E+2	
1.95E07	7.080E+2	
1.9525E0007	7.820E+2	
1.955E007	7.380E+2	
1.9575E0007	7.800E+2	
1.96E07	7.590E+2	
1.9625E0007	7.880E+2	
1.965E007	7.520E+2	
1.9675E0007	7.600E+2	
1.97E07	7.280E+2	
1.9725E0007	7.440E+2	
1.975E007	7.730E+2	
1.9775E0007	7.590E+2	
1.98E07	7.570E+2	
1.9825E0007	7.380E+2	
1.985E007	8.190E+2	
1.9875E0007	7.420E+2	
1.99E07	7.050E+2	
1.9925E0007	6.940E+2	
1.995E007	7.640E+2	
1.9975E0007	7.570E+2	
2E07	7.140E+2	
2.0025E0007	7.310E+2	
2.005E007	7.450E+2	
2.0075E0007	7.910E+2	
2.01E07	7.340E+2	
2.0125E0007	7.850E+2	
2.015E007	7.930E+2	
2.0175E0007	7.710E+2	
2.02E07	7.450E+2	
2.0225E0007	6.850E+2	
2.025E007	8.030E+2	
2.0275E0007	7.740E+2	
2.03E07	7.870E+2	
2.0325E0007	7.620E+2	
2.035E007	7.480E+2	
2.0375E0007	6.990E+2	
2.04E07	7.440E+2	
2.0425E0007	8.000E+2	
2.045E007	7.330E+2	
2.0475E0007	6.750E+2	
2.05E07	7.710E+2	
2.0525E0007	7.360E+2	
2.055E007	7.430E+2	
2.0575E0007	7.390E+2	
2.06E07	7.040E+2	
2.0625E0007	7.500E+2	
2.065E007	7.650E+2	
2.0675E0007	7.660E+2	
2.07E07	7.670E+2	
2.0725E0007	8.040E+2	
2.075E007	7.710E+2	
2.0775E0007	7.830E+2	
2.08E07	7.510E+2	
2.0825E0007	7.580E+2	
2.085E007	7.310E+2	
2.0875E0007	7.470E+2	
2.09E07	7.390E+2	
2.0925E0007	7.220E+2	
2.095E007	7.220E+2	
2.0975E0007	7.610E+2	
2.1E07	7.990E+2	
2.1025E0007	7.520E+2	
2.105E007	7.910E+2	
2.1075E0007	7.200E+2	
2.11E07	7.990E+2	
2.1125E0007	7.530E+2	
2.115E007	8.120E+2	
2.1175E0007	7.490E+2	
2.12E07	7.520E+2	
2.1225E0007	7.850E+2	
2.125E007	7.390E+2	
2.1275E0007	7.480E+2	
2.13E07	7.560E+2	
2.1325E0007	7.010E+2	
2.135E007	7.710E+2	
2.1375E0007	7.650E+2	
2.14E07	7.700E+2	
2.1425E0007	7.680E+2	
2.145E007	7.630E+2	
2.1475E0007	7.420E+2	
2.15E07	7.410E+2	
2.1525E0007	7.610E+2	
2.155E007	7.600E+2	
2.1575E0007	7.240E+2	
2.16E07	7.510E+2	
2.1625E0007	7.610E+2	
2.165E007	7.620E+2	
2.1675E0007	7.460E+2	
2.17E07	7.230E+2	
2.1725E0007	7.590E+2	
2.175E007	7.200E+2	
2.1775E0007	7.450E+2	
2.18E07	7.620E+2	
2.1825E0007	7.130E+2	
2.185E007	7.850E+2	
2.1875E0007	7.360E+2	
2.19E07	8.000E+2	
2.1925E0007	7.640E+2	
2.195E007	7.190E+2	
2.1975E0007	7.680E+2	
2.2E07	7.550E+2	
2.2025E0007	7.160E+2	
2.205E007	7.670E+2	
2.2075E0007	8.010E+2	
2.21E07	7.010E+2	
2.2125E0007	7.330E+2	
2.215E007	7.680E+2	
2.2175E0007	7.230E+2	
2.22E07	7.570E+2	
2.2225E0007	7.160E+2	
2.225E007	7.370E+2	
2.2275E0007	7.220E+2	
2.23E07	7.310E+2	
2.2325E0007	7.300E+2	
2.235E007	7.660E+2	
2.2375E0007	7.310E+2	
2.24E07	7.500E+2	
2.2425E0007	7.170E+2	
2.245E007	6.890E+2	
2.2475E0007	7.660E+2	
2.25E07	7.470E+2	
2.2525E0007	7.450E+2	
2.255E007	7.580E+2	
2.2575E0007	7.650E+2	
2.26E07	6.730E+2	
2.2625E0007	7.230E+2	
2.265E007	7.630E+2	
2.2675E0007	7.350E+2	
2.27E07	7.330E+2	
2.2725E0007	6.830E+2	
2.275E007	7.070E+2	
2.2775E0007	7.150E+2	
2.28E07	7.210E+2	
2.2825E0007	7.230E+2	
2.285E007	6.790E+2	
2.2875E0007	7.230E+2	
2.29E07	7.290E+2	
2.2925E0007	7.240E+2	
2.295E007	7.200E+2	
2.2975E0007	7.280E+2	
2.3E07	7.690E+2	
2.3025E0007	7.760E+2	
2.305E007	7.810E+2	
2.3075E0007	7.130E+2	
2.31E07	7.050E+2	
2.3125E0007	7.500E+2	
2.315E007	7.470E+2	
2.3175E0007	7.140E+2	
2.32E07	7.220E+2	
2.3225E0007	7.250E+2	
2.325E007	7.650E+2	
2.3275E0007	7.870E+2	
2.33E07	7.780E+2	
2.3325E0007	7.370E+2	
2.335E007	7.290E+2	
2.3375E0007	7.630E+2	
2.34E07	7.670E+2	
2.3425E0007	7.890E+2	
2.345E007	7.230E+2	
2.3475E0007	7.550E+2	
2.35E07	8.170E+2	
2.3525E0007	7.320E+2	
2.355E007	7.560E+2	
2.3575E0007	7.850E+2	
2.36E07	7.490E+2	
2.3625E0007	7.000E+2	
2.365E007	7.300E+2	
2.3675E0007	7.710E+2	
2.37E07	7.500E+2	
2.3725E0007	7.210E+2	
2.375E007	7.200E+2	
2.3775E0007	6.940E+2	
2.38E07	7.150E+2	
2.3825E0007	7.710E+2	
2.385E007	7.670E+2	
2.3875E0007	7.230E+2	
2.39E07	7.340E+2	
2.3925E0007	7.600E+2	
2.395E007	7.980E+2	
2.3975E0007	7.840E+2	
2.4E07	7.230E+2	
2.4025E0007	6.940E+2	
2.405E007	7.550E+2	
2.4075E0007	7.630E+2	
2.41E07	7.030E+2	
2.4125E0007	7.280E+2	
2.415E007	7.320E+2	
2.4175E0007	7.470E+2	
2.42E07	7.410E+2	
2.4225E0007	7.200E+2	
2.425E007	6.680E+2	
2.4275E0007	7.250E+2	
2.43E07	7.300E+2	
2.4325E0007	7.830E+2	
2.435E007	7.280E+2	
2.4375E0007	6.900E+2	
2.44E07	7.130E+2	
2.4425E0007	7.270E+2	
2.445E007	7.240E+2	
2.4475E0007	7.830E+2	
2.45E07	7.610E+2	
2.4525E0007	7.740E+2	
2.455E007	7.000E+2	
2.4575E0007	6.890E+2	
2.46E07	7.230E+2	
2.4625E0007	7.720E+2	
2.465E007	7.570E+2	
2.4675E0007	7.520E+2	
2.47E07	7.240E+2	
2.4725E0007	7.370E+2	
2.475E007	7.670E+2	
2.4775E0007	7.350E+2	
2.48E07	7.500E+2	
2.4825E0007	7.570E+2	
2.485E007	7.240E+2	
2.4875E0007	7.800E+2	
2.49E07	7.740E+2	
2.4925E0007	7.750E+2	
2.495E007	7.600E+2	
2.4975E0007	7.840E+2	
2.5E07	8.020E+2	
2.5025E0007	7.760E+2	
2.505E007	7.600E+2	
2.5075E0007	7.090E+2	
2.51E07	7.010E+2	
2.5125E0007	7.260E+2	
2.515E007	7.330E+2	
2.5175E0007	7.390E+2	
2.52E07	7.200E+2	
2.5225E0007	7.250E+2	
2.525E007	7.670E+2	
2.5275E0007	7.100E+2	
2.53E07	7.240E+2	
2.5325E0007	7.760E+2	
2.535E007	7.430E+2	
2.5375E0007	7.480E+2	
2.54E07	7.230E+2	
2.5425E0007	7.260E+2	
2.545E007	7.820E+2	
2.5475E0007	7.290E+2	
2.55E07	7.400E+2	
2.5525E0007	6.930E+2	
2.555E007	7.340E+2	
2.5575E0007	7.130E+2	
2.56E07	7.200E+2	
2.5625E0007	7.430E+2	
2.565E007	7.750E+2	
2.5675E0007	7.230E+2	
2.57E07	7.640E+2	
2.5725E0007	7.390E+2	
2.575E007	7.750E+2	
2.5775E0007	7.190E+2	
2.58E07	7.590E+2	
2.5825E0007	7.490E+2	
2.585E007	7.560E+2	
2.5875E0007	6.860E+2	
2.59E07	7.700E+2	
2.5925E0007	7.320E+2	
2.595E007	7.610E+2	
2.5975E0007	7.280E+2	
2.6E07	6.860E+2	
2.6025E0007	7.600E+2	
2.605E007	7.480E+2	
2.6075E0007	7.050E+2	
2.61E07	7.320E+2	
2.6125E0007	7.260E+2	
2.615E007	7.300E+2	
2.6175E0007	7.750E+2	
2.62E07	7.220E+2	
2.6225E0007	7.640E+2	
2.625E007	7.460E+2	
2.6275E0007	7.590E+2	
2.63E07	7.270E+2	
2.6325E0007	7.460E+2	
2.635E007	7.530E+2	
2.6375E0007	7.340E+2	
2.64E07	7.010E+2	
2.6425E0007	7.840E+2	
2.645E007	7.950E+2	
2.6475E0007	7.500E+2	
2.65E07	7.390E+2	
2.6525E0007	7.150E+2	
2.655E007	7.470E+2	
2.6575E0007	7.530E+2	
2.66E07	7.140E+2	
2.6625E0007	7.750E+2	
2.665E007	8.080E+2	
2.6675E0007	7.130E+2	
2.67E07	7.330E+2	
2.6725E0007	7.990E+2	
2.675E007	7.380E+2	
2.6775E0007	7.630E+2	
2.68E07	7.590E+2	
2.6825E0007	7.430E+2	
2.685E007	7.170E+2	
2.6875E0007	7.690E+2	
2.69E07	7.550E+2	
2.6925E0007	7.100E+2	
2.695E007	7.500E+2	
2.6975E0007	7.620E+2	
2.7E07	7.640E+2	
2.7025E0007	6.600E+2	
2.705E007	7.260E+2	
2.7075E0007	7.160E+2	
2.71E07	7.130E+2	
2.7125E0007	7.490E+2	
2.715E007	7.450E+2	
2.7175E0007	7.160E+2	
2.72E07	7.220E+2	
2.7225E0007	7.170E+2	
2.725E007	7.660E+2	
2.7275E0007	7.270E+2	
2.73E07	7.540E+2	
2.7325E0007	7.440E+2	
2.735E007	7.550E+2	
2.7375E0007	7.060E+2	
2.74E07	7.600E+2	
2.7425E0007	7.160E+2	
2.745E007	7.230E+2	
2.7475E0007	7.300E+2	
2.75E07	7.090E+2	
2.7525E0007	7.290E+2	
2.755E007	7.280E+2	
2.7575E0007	7.540E+2	
2.76E07	7.120E+2	
2.7625E0007	7.100E+2	
2.765E007	7.590E+2	
2.7675E0007	7.330E+2	
2.77E07	7.190E+2	
2.7725E0007	7.410E+2	
2.775E007	7.560E+2	
2.7775E0007	7.700E+2	
2.78E07	7.710E+2	
2.7825E0007	7.580E+2	
2.785E007	7.450E+2	
2.7875E0007	7.440E+2	
2.79E07	7.030E+2	
2.7925E0007	7.250E+2	
2.795E007	7.190E+2	
2.7975E0007	7.280E+2	
2.8E07	7.370E+2	
2.8025E0007	7.160E+2	
2.805E007	7.030E+2	
2.8075E0007	7.160E+2	
2.81E07	7.360E+2	
2.8125E0007	7.300E+2	
2.815E007	7.850E+2	
2.8175E0007	6.920E+2	
2.82E07	7.090E+2	
2.8225E0007	7.400E+2	
2.825E007	7.470E+2	
2.8275E0007	7.190E+2	
2.83E07	7.750E+2	
2.8325E0007	6.940E+2	
2.835E007	7.930E+2	
2.8375E0007	7.650E+2	
2.84E07	6.880E+2	
2.8425E0007	7.490E+2	
2.845E007	7.200E+2	
2.8475E0007	7.510E+2	
2.85E07	7.330E+2	
2.8525E0007	7.050E+2	
2.855E007	6.970E+2	
2.8575E0007	7.280E+2	
2.86E07	7.400E+2	
2.8625E0007	7.180E+2	
2.865E007	7.120E+2	
2.8675E0007	7.330E+2	
2.87E07	7.520E+2	
2.8725E0007	7.430E+2	
2.875E007	7.100E+2	
2.8775E0007	7.600E+2	
2.88E07	6.950E+2	
2.8825E0007	8.060E+2	
2.885E007	7.650E+2	
2.8875E0007	7.150E+2	
2.89E07	7.570E+2	
2.8925E0007	7.230E+2	
2.895E007	7.790E+2	
2.8975E0007	7.400E+2	
2.9E07	7.340E+2	
2.9025E0007	7.740E+2	
2.905E007	8.000E+2	
2.9075E0007	7.570E+2	
2.91E07	7.240E+2	
2.9125E0007	6.890E+2	
2.915E007	7.530E+2	
2.9175E0007	7.330E+2	
2.92E07	7.480E+2	
2.9225E0007	7.210E+2	
2.925E007	7.500E+2	
2.9275E0007	7.730E+2	
2.93E07	7.370E+2	
2.9325E0007	7.900E+2	
2.935E007	7.720E+2	
2.9375E0007	7.530E+2	
2.94E07	7.270E+2	
2.9425E0007	7.290E+2	
2.945E007	7.200E+2	
2.9475E0007	7.470E+2	
2.95E07	7.890E+2	
2.9525E0007	7.620E+2	
2.955E007	7.010E+2	
2.9575E0007	7.450E+2	
2.96E07	7.380E+2	
2.9625E0007	7.150E+2	
2.965E007	7.450E+2	
2.9675E0007	7.520E+2	
2.97E07	7.430E+2	
2.9725E0007	7.750E+2	
2.975E007	7.240E+2	
2.9775E0007	7.930E+2	
2.98E07	7.660E+2	
2.9825E0007	7.200E+2	
2.985E007	6.850E+2	
2.9875E0007	7.570E+2	
2.99E07	7.380E+2	
2.9925E0007	7.440E+2	
2.995E007	7.050E+2	
2.9975E0007	7.520E+2	
3E07	7.130E+2	
3.0025E0007	7.460E+2	
3.005E007	7.670E+2	
3.0075E0007	7.510E+2	
3.01E07	7.570E+2	
3.0125E0007	6.950E+2	
3.015E007	7.170E+2	
3.0175E0007	7.040E+2	
3.02E07	7.290E+2	
3.0225E0007	7.120E+2	
3.025E007	7.370E+2	
3.0275E0007	7.410E+2	
3.03E07	7.400E+2	
3.0325E0007	7.390E+2	
3.035E007	7.360E+2	
3.0375E0007	7.450E+2	
3.04E07	7.270E+2	
3.0425E0007	7.200E+2	
3.045E007	7.350E+2	
3.0475E0007	7.210E+2	
3.05E07	7.450E+2	
3.0525E0007	7.480E+2	
3.055E007	6.770E+2	
3.0575E0007	7.360E+2	
3.06E07	7.480E+2	
3.0625E0007	7.260E+2	
3.065E007	7.430E+2	
3.0675E0007	7.930E+2	
3.07E07	7.200E+2	
3.0725E0007	6.740E+2	
3.075E007	7.380E+2	
3.0775E0007	7.340E+2	
3.08E07	7.100E+2	
3.0825E0007	7.630E+2	
3.085E007	6.940E+2	
3.0875E0007	7.550E+2	
3.09E07	7.460E+2	
3.0925E0007	7.580E+2	
3.095E007	7.570E+2	
3.0975E0007	7.030E+2	
3.1E07	7.440E+2	
3.1025E0007	7.920E+2	
3.105E007	7.670E+2	
3.1075E0007	6.910E+2	
3.11E07	7.010E+2	
3.1125E0007	7.430E+2	
3.115E007	7.540E+2	
3.1175E0007	6.740E+2	
3.12E07	7.050E+2	
3.1225E0007	7.030E+2	
3.125E007	7.460E+2	
3.1275E0007	7.650E+2	
3.13E07	7.100E+2	
3.1325E0007	7.670E+2	
3.135E007	7.600E+2	
3.1375E0007	7.030E+2	
3.14E07	7.610E+2	
3.1425E0007	7.940E+2	
3.145E007	7.550E+2	
3.1475E0007	7.090E+2	
3.15E07	7.410E+2	
3.1525E0007	7.720E+2	
3.155E007	7.350E+2	
3.1575E0007	7.710E+2	
3.16E07	7.010E+2	
3.1625E0007	7.230E+2	
3.165E007	7.570E+2	
3.1675E0007	7.350E+2	
3.17E07	7.620E+2	
3.1725E0007	7.560E+2	
3.175E007	6.750E+2	
3.1775E0007	7.040E+2	
3.18E07	8.010E+2	
3.1825E0007	7.530E+2	
3.185E007	7.160E+2	
3.1875E0007	7.720E+2	
3.19E07	7.940E+2	
3.1925E0007	7.340E+2	
3.195E007	7.350E+2	
3.1975E0007	7.630E+2	
3.2E07	6.940E+2	
3.2025E0007	7.310E+2	
3.205E007	7.640E+2	
3.2075E0007	7.420E+2	
3.21E07	7.250E+2	
3.2125E0007	6.720E+2	
3.215E007	7.390E+2	
3.2175E0007	7.440E+2	
3.22E07	7.310E+2	
3.2225E0007	6.960E+2	
3.225E007	7.210E+2	
3.2275E0007	7.340E+2	
3.23E07	7.670E+2	
3.2325E0007	7.160E+2	
3.235E007	7.940E+2	
3.2375E0007	7.390E+2	
3.24E07	7.160E+2	
3.2425E0007	7.470E+2	
3.245E007	7.620E+2	
3.2475E0007	7.540E+2	
3.25E07	7.180E+2	
3.2525E0007	7.180E+2	
3.255E007	7.070E+2	
3.2575E0007	8.110E+2	
3.26E07	7.080E+2	
3.2625E0007	7.420E+2	
3.265E007	7.530E+2	
3.2675E0007	7.470E+2	
3.27E07	7.570E+2	
3.2725E0007	7.090E+2	
3.275E007	7.510E+2	
3.2775E0007	7.380E+2	
3.28E07	7.590E+2	
3.2825E0007	7.200E+2	
3.285E007	7.920E+2	
3.2875E0007	6.910E+2	
3.29E07	7.000E+2	
3.2925E0007	7.140E+2	
3.295E007	7.370E+2	
3.2975E0007	7.230E+2	
3.3E07	7.450E+2	
3.3025E0007	7.020E+2	
3.305E007	7.180E+2	
3.3075E0007	7.120E+2	
3.31E07	7.350E+2	
3.3125E0007	7.400E+2	
3.315E007	7.370E+2	
3.3175E0007	7.660E+2	
3.32E07	7.010E+2	
3.3225E0007	7.160E+2	
3.325E007	7.100E+2	
3.3275E0007	7.630E+2	
3.33E07	7.060E+2	
3.3325E0007	7.690E+2	
3.335E007	6.830E+2	
3.3375E0007	7.800E+2	
3.34E07	7.490E+2	
3.3425E0007	6.800E+2	
3.345E007	6.670E+2	
3.3475E0007	7.020E+2	
3.35E07	7.130E+2	
3.3525E0007	7.420E+2	
3.355E007	7.530E+2	
3.3575E0007	7.200E+2	
3.36E07	7.130E+2	
3.3625E0007	8.020E+2	
3.365E007	7.650E+2	
3.3675E0007	7.560E+2	
3.37E07	7.320E+2	
3.3725E0007	7.390E+2	
3.375E007	7.610E+2	
3.3775E0007	7.090E+2	
3.38E07	7.110E+2	
3.3825E0007	7.110E+2	
3.385E007	7.580E+2	
3.3875E0007	7.640E+2	
3.39E07	7.380E+2	
3.3925E0007	7.230E+2	
3.395E007	7.430E+2	
3.3975E0007	7.400E+2	
3.4E07	7.230E+2	
3.4025E0007	7.140E+2	
3.405E007	7.400E+2	
3.4075E0007	7.310E+2	
3.41E07	7.360E+2	
3.4125E0007	7.340E+2	
3.415E007	7.540E+2	
3.4175E0007	7.320E+2	
3.42E07	7.600E+2	
3.4225E0007	7.350E+2	
3.425E007	6.900E+2	
3.4275E0007	7.480E+2	
3.43E07	7.150E+2	
3.4325E0007	7.690E+2	
3.435E007	7.840E+2	
3.4375E0007	7.300E+2	
3.44E07	7.270E+2	
3.4425E0007	7.670E+2	
3.445E007	7.690E+2	
3.4475E0007	7.200E+2	
3.45E07	7.410E+2	
3.4525E0007	7.070E+2	
3.455E007	7.130E+2	
3.4575E0007	7.450E+2	
3.46E07	7.400E+2	
3.4625E0007	7.680E+2	
3.465E007	7.100E+2	
3.4675E0007	7.520E+2	
3.47E07	7.300E+2	
3.4725E0007	7.360E+2	
3.475E007	6.980E+2	
3.4775E0007	7.520E+2	
3.48E07	7.210E+2	
3.4825E0007	6.990E+2	
3.485E007	7.350E+2	
3.4875E0007	7.640E+2	
3.49E07	7.350E+2	
3.4925E0007	7.010E+2	
3.495E007	7.320E+2	
3.4975E0007	6.810E+2	
3.5E07	7.690E+2	
3.5025E0007	6.930E+2	
3.505E007	7.560E+2	
3.5075E0007	7.100E+2	
3.51E07	6.940E+2	
3.5125E0007	7.270E+2	
3.515E007	7.440E+2	
3.5175E0007	7.050E+2	
3.52E07	7.530E+2	
3.5225E0007	7.450E+2	
3.525E007	7.190E+2	
3.5275E0007	8.000E+2	
3.53E07	7.400E+2	
3.5325E0007	7.100E+2	
3.535E007	7.670E+2	
3.5375E0007	7.770E+2	
3.54E07	7.160E+2	
3.5425E0007	7.980E+2	
3.545E007	7.360E+2	
3.5475E0007	7.390E+2	
3.55E07	7.250E+2	
3.5525E0007	7.060E+2	
3.555E007	7.430E+2	
3.5575E0007	7.010E+2	
3.56E07	7.090E+2	
3.5625E0007	6.960E+2	
3.565E007	7.550E+2	
3.5675E0007	7.410E+2	
3.57E07	7.780E+2	
3.5725E0007	7.310E+2	
3.575E007	7.200E+2	
3.5775E0007	7.610E+2	
3.58E07	7.390E+2	
3.5825E0007	7.810E+2	
3.585E007	7.530E+2	
3.5875E0007	7.150E+2	
3.59E07	6.700E+2	
3.5925E0007	6.970E+2	
3.595E007	7.000E+2	
3.5975E0007	7.210E+2	
3.6E07	7.390E+2	
3.6025E0007	7.190E+2	
3.605E007	7.100E+2	
3.6075E0007	7.290E+2	
3.61E07	7.400E+2	
3.6125E0007	7.640E+2	
3.615E007	6.980E+2	
3.6175E0007	7.160E+2	
3.62E07	7.470E+2	
3.6225E0007	7.620E+2	
3.625E007	7.500E+2	
3.6275E0007	7.260E+2	
3.63E07	6.780E+2	
3.6325E0007	7.470E+2	
3.635E007	7.410E+2	
3.6375E0007	6.830E+2	
3.64E07	6.980E+2	
3.6425E0007	7.200E+2	
3.645E007	8.070E+2	
3.6475E0007	7.540E+2	
3.65E07	7.250E+2	
3.6525E0007	7.380E+2	
3.655E007	7.500E+2	
3.6575E0007	7.200E+2	
3.66E07	6.940E+2	
3.6625E0007	7.290E+2	
3.665E007	7.270E+2	
3.6675E0007	7.430E+2	
3.67E07	7.050E+2	
3.6725E0007	7.040E+2	
3.675E007	7.300E+2	
3.6775E0007	7.210E+2	
3.68E07	7.110E+2	
3.6825E0007	7.590E+2	
3.685E007	7.350E+2	
3.6875E0007	7.640E+2	
3.69E07	7.370E+2	
3.6925E0007	7.670E+2	
3.695E007	7.040E+2	
3.6975E0007	7.730E+2	
3.7E07	7.530E+2	
3.7025E0007	7.710E+2	
3.705E007	7.690E+2	
3.7075E0007	7.370E+2	
3.71E07	7.460E+2	
3.7125E0007	7.780E+2	
3.715E007	7.550E+2	
3.7175E0007	7.750E+2	
3.72E07	7.640E+2	
3.7225E0007	6.680E+2	
3.725E007	7.410E+2	
3.7275E0007	7.970E+2	
3.73E07	7.330E+2	
3.7325E0007	7.530E+2	
3.735E007	7.200E+2	
3.7375E0007	7.170E+2	
3.74E07	7.380E+2	
3.7425E0007	7.460E+2	
3.745E007	7.260E+2	
3.7475E0007	7.040E+2	
3.75E07	7.510E+2	
3.7525E0007	7.340E+2	
3.755E007	8.120E+2	
3.7575E0007	7.780E+2	
3.76E07	7.400E+2	
3.7625E0007	7.350E+2	
3.765E007	7.290E+2	
3.7675E0007	7.390E+2	
3.77E07	6.910E+2	
3.7725E0007	7.830E+2	
3.775E007	7.160E+2	
3.7775E0007	6.890E+2	
3.78E07	7.260E+2	
3.7825E0007	7.500E+2	
3.785E007	7.590E+2	
3.7875E0007	7.710E+2	
3.79E07	7.890E+2	
3.7925E0007	7.210E+2	
3.795E007	7.350E+2	
3.7975E0007	7.230E+2	
3.8E07	7.810E+2	
3.8025E0007	7.710E+2	
3.805E007	7.380E+2	
3.8075E0007	7.410E+2	
3.81E07	7.500E+2	
3.8125E0007	7.320E+2	
3.815E007	7.610E+2	
3.8175E0007	7.270E+2	
3.82E07	7.890E+2	
3.8225E0007	7.390E+2	
3.825E007	7.020E+2	
3.8275E0007	7.400E+2	
3.83E07	7.580E+2	
3.8325E0007	7.010E+2	
3.835E007	7.910E+2	
3.8375E0007	7.180E+2	
3.84E07	7.240E+2	
3.8425E0007	7.560E+2	
3.845E007	7.300E+2	
3.8475E0007	7.300E+2	
3.85E07	7.410E+2	
3.8525E0007	7.670E+2	
3.855E007	6.800E+2	
3.8575E0007	7.360E+2	
3.86E07	7.340E+2	
3.8625E0007	7.360E+2	
3.865E007	8.230E+2	
3.8675E0007	7.650E+2	
3.87E07	7.320E+2	
3.8725E0007	7.100E+2	
3.875E007	7.180E+2	
3.8775E0007	6.930E+2	
3.88E07	7.360E+2	
3.8825E0007	7.480E+2	
3.885E007	7.830E+2	
3.8875E0007	6.950E+2	
3.89E07	6.930E+2	
3.8925E0007	7.470E+2	
3.895E007	7.200E+2	
3.8975E0007	7.360E+2	
3.9E07	7.560E+2	
3.9025E0007	7.120E+2	
3.905E007	7.740E+2	
3.9075E0007	7.080E+2	
3.91E07	7.570E+2	
3.9125E0007	7.300E+2	
3.915E007	7.510E+2	
3.9175E0007	7.060E+2	
3.92E07	7.730E+2	
3.9225E0007	7.490E+2	
3.925E007	7.600E+2	
3.9275E0007	7.290E+2	
3.93E07	7.190E+2	
3.9325E0007	7.200E+2	
3.935E007	8.060E+2	
3.9375E0007	7.600E+2	
3.94E07	7.180E+2	
3.9425E0007	7.060E+2	
3.945E007	7.550E+2	
3.9475E0007	7.850E+2	
3.95E07	7.010E+2	
3.9525E0007	7.160E+2	
3.955E007	7.930E+2	
3.9575E0007	7.250E+2	
3.96E07	7.600E+2	
3.9625E0007	7.530E+2	
3.965E007	7.130E+2	
3.9675E0007	6.860E+2	
3.97E07	7.870E+2	
3.9725E0007	7.550E+2	
3.975E007	7.060E+2	
3.9775E0007	7.400E+2	
3.98E07	7.860E+2	
3.9825E0007	7.230E+2	
3.985E007	7.230E+2	
3.9875E0007	7.480E+2	
3.99E07	7.240E+2	
3.9925E0007	7.500E+2	
3.995E007	7.370E+2	
3.9975E0007	7.630E+2	
4E07	7.090E+2	
4.0025E0007	7.710E+2	
4.005E007	7.030E+2	
4.0075E0007	7.080E+2	
4.01E07	7.330E+2	
4.0125E0007	7.350E+2	
4.015E007	7.520E+2	
4.0175E0007	7.010E+2	
4.02E07	7.090E+2	
4.0225E0007	7.530E+2	
4.025E007	7.310E+2	
4.0275E0007	7.300E+2	
4.03E07	7.430E+2	
4.0325E0007	7.090E+2	
4.035E007	6.830E+2	
4.0375E0007	7.400E+2	
4.04E07	7.350E+2	
4.0425E0007	7.130E+2	
4.045E007	7.330E+2	
4.0475E0007	7.040E+2	
4.05E07	7.000E+2	
4.0525E0007	7.510E+2	
4.055E007	7.510E+2	
4.0575E0007	7.370E+2	
4.06E07	7.470E+2	
4.0625E0007	7.290E+2	
4.065E007	7.150E+2	
4.0675E0007	7.080E+2	
4.07E07	7.490E+2	
4.0725E0007	7.550E+2	
4.075E007	7.230E+2	
4.0775E0007	7.650E+2	
4.08E07	7.570E+2	
4.0825E0007	7.460E+2	
4.085E007	8.250E+2	
4.0875E0007	7.180E+2	
4.09E07	6.840E+2	
4.0925E0007	7.370E+2	
4.095E007	6.970E+2	
4.0975E0007	7.540E+2	
4.1E07	7.700E+2	
4.1025E0007	7.130E+2	
4.105E007	7.460E+2	
4.1075E0007	7.370E+2	
4.11E07	7.360E+2	
4.1125E0007	7.680E+2	
4.115E007	7.050E+2	
4.1175E0007	7.360E+2	
4.12E07	6.680E+2	
4.1225E0007	7.670E+2	
4.125E007	7.750E+2	
4.1275E0007	7.520E+2	
4.13E07	7.360E+2	
4.1325E0007	7.020E+2	
4.135E007	7.710E+2	
4.1375E0007	7.120E+2	
4.14E07	7.700E+2	
4.1425E0007	7.390E+2	
4.145E007	7.390E+2	
4.1475E0007	7.350E+2	
4.15E07	7.620E+2	
4.1525E0007	6.880E+2	
4.155E007	7.470E+2	
4.1575E0007	7.290E+2	
4.16E07	7.530E+2	
4.1625E0007	7.750E+2	
4.165E007	7.680E+2	
4.1675E0007	7.020E+2	
4.17E07	7.690E+2	
4.1725E0007	7.310E+2	
4.175E007	7.210E+2	
4.1775E0007	7.760E+2	
4.18E07	7.130E+2	
4.1825E0007	7.410E+2	
4.185E007	7.220E+2	
4.1875E0007	7.390E+2	
4.19E07	7.110E+2	
4.1925E0007	7.260E+2	
4.195E007	7.280E+2	
4.1975E0007	7.450E+2	
4.2E07	6.900E+2	
4.2025E0007	7.230E+2	
4.205E007	7.140E+2	
4.2075E0007	7.860E+2	
4.21E07	7.710E+2	
4.2125E0007	6.840E+2	
4.215E007	7.110E+2	
4.2175E0007	7.270E+2	
4.22E07	7.690E+2	
4.2225E0007	7.810E+2	
4.225E007	7.580E+2	
4.2275E0007	7.330E+2	
4.23E07	7.410E+2	
4.2325E0007	7.840E+2	
4.235E007	7.410E+2	
4.2375E0007	7.170E+2	
4.24E07	7.330E+2	
4.2425E0007	7.510E+2	
4.245E007	7.360E+2	
4.2475E0007	7.290E+2	
4.25E07	7.400E+2	
4.2525E0007	7.620E+2	
4.255E007	7.250E+2	
4.2575E0007	7.840E+2	
4.26E07	7.430E+2	
4.2625E0007	7.000E+2	
4.265E007	6.980E+2	
4.2675E0007	7.130E+2	
4.27E07	7.480E+2	
4.2725E0007	7.150E+2	
4.275E007	6.960E+2	
4.2775E0007	7.000E+2	
4.28E07	7.290E+2	
4.2825E0007	7.480E+2	
4.285E007	7.740E+2	
4.2875E0007	7.660E+2	
4.29E07	6.860E+2	
4.2925E0007	7.130E+2	
4.295E007	7.100E+2	
4.2975E0007	7.390E+2	
4.3E07	6.790E+2	
4.3025E0007	7.500E+2	
4.305E007	7.330E+2	
4.3075E0007	6.840E+2	
4.31E07	7.180E+2	
4.3125E0007	7.710E+2	
4.315E007	7.590E+2	
4.3175E0007	7.050E+2	
4.32E07	7.320E+2	
4.3225E0007	7.230E+2	
4.325E007	7.760E+2	
4.3275E0007	7.520E+2	
4.33E07	7.380E+2	
4.3325E0007	7.670E+2	
4.335E007	7.690E+2	
4.3375E0007	7.140E+2	
4.34E07	7.140E+2	
4.3425E0007	7.320E+2	
4.345E007	7.500E+2	
4.3475E0007	6.930E+2	
4.35E07	7.680E+2	
4.3525E0007	7.050E+2	
4.355E007	7.720E+2	
4.3575E0007	6.900E+2	
4.36E07	6.900E+2	
4.3625E0007	7.000E+2	
4.365E007	7.580E+2	
4.3675E0007	7.240E+2	
4.37E07	7.330E+2	
4.3725E0007	6.900E+2	
4.375E007	7.440E+2	
4.3775E0007	7.020E+2	
4.38E07	7.530E+2	
4.3825E0007	7.010E+2	
4.385E007	7.550E+2	
4.3875E0007	7.240E+2	
4.39E07	7.150E+2	
4.3925E0007	7.600E+2	
4.395E007	7.240E+2	
4.3975E0007	7.480E+2	
4.4E07	7.260E+2	
4.4025E0007	7.780E+2	
4.405E007	7.310E+2	
4.4075E0007	6.880E+2	
4.41E07	7.660E+2	
4.4125E0007	7.260E+2	
4.415E007	7.510E+2	
4.4175E0007	7.430E+2	
4.42E07	7.360E+2	
4.4225E0007	7.470E+2	
4.425E007	7.450E+2	
4.4275E0007	7.260E+2	
4.43E07	7.480E+2	
4.4325E0007	7.170E+2	
4.435E007	7.670E+2	
4.4375E0007	7.090E+2	
4.44E07	7.680E+2	
4.4425E0007	6.750E+2	
4.445E007	7.180E+2	
4.4475E0007	7.610E+2	
4.45E07	7.710E+2	
4.4525E0007	7.230E+2	
4.455E007	7.760E+2	
4.4575E0007	7.120E+2	
4.46E07	6.900E+2	
4.4625E0007	7.170E+2	
4.465E007	7.100E+2	
4.4675E0007	7.620E+2	
4.47E07	7.410E+2	
4.4725E0007	7.570E+2	
4.475E007	7.360E+2	
4.4775E0007	7.580E+2	
4.48E07	7.940E+2	
4.4825E0007	7.300E+2	
4.485E007	7.120E+2	
4.4875E0007	7.320E+2	
4.49E07	7.130E+2	
4.4925E0007	7.620E+2	
4.495E007	7.560E+2	
4.4975E0007	7.650E+2	
4.5E07	7.410E+2	
4.5025E0007	7.660E+2	
4.505E007	7.100E+2	
4.5075E0007	7.620E+2	
4.51E07	6.810E+2	
4.5125E0007	7.180E+2	
4.515E007	7.800E+2	
4.5175E0007	6.850E+2	
4.52E07	7.480E+2	
4.5225E0007	7.710E+2	
4.525E007	7.200E+2	
4.5275E0007	7.270E+2	
4.53E07	7.320E+2	
4.5325E0007	7.440E+2	
4.535E007	7.270E+2	
4.5375E0007	7.220E+2	
4.54E07	7.680E+2	
4.5425E0007	7.400E+2	
4.545E007	7.250E+2	
4.5475E0007	7.420E+2	
4.55E07	7.360E+2	
4.5525E0007	7.940E+2	
4.555E007	7.120E+2	
4.5575E0007	7.430E+2	
4.56E07	7.180E+2	
4.5625E0007	7.270E+2	
4.565E007	7.190E+2	
4.5675E0007	7.350E+2	
4.57E07	7.150E+2	
4.5725E0007	7.610E+2	
4.575E007	7.140E+2	
4.5775E0007	7.420E+2	
4.58E07	7.840E+2	
4.5825E0007	7.680E+2	
4.585E007	7.450E+2	
4.5875E0007	7.500E+2	
4.59E07	7.660E+2	
4.5925E0007	7.490E+2	
4.595E007	7.190E+2	
4.5975E0007	7.690E+2	
4.6E07	7.530E+2	
4.6025E0007	7.280E+2	
4.605E007	7.730E+2	
4.6075E0007	7.780E+2	
4.61E07	7.370E+2	
4.6125E0007	7.310E+2	
4.615E007	7.010E+2	
4.6175E0007	7.580E+2	
4.62E07	7.160E+2	
4.6225E0007	7.910E+2	
4.625E007	7.470E+2	
4.6275E0007	7.430E+2	
4.63E07	7.030E+2	
4.6325E0007	7.090E+2	
4.635E007	6.740E+2	
4.6375E0007	7.480E+2	
4.64E07	7.190E+2	
4.6425E0007	7.330E+2	
4.645E007	6.950E+2	
4.6475E0007	6.840E+2	
4.65E07	7.550E+2	
4.6525E0007	7.640E+2	
4.655E007	7.700E+2	
4.6575E0007	7.330E+2	
4.66E07	7.970E+2	
4.6625E0007	6.980E+2	
4.665E007	7.470E+2	
4.6675E0007	7.640E+2	
4.67E07	7.480E+2	
4.6725E0007	7.110E+2	
4.675E007	7.360E+2	
4.6775E0007	7.310E+2	
4.68E07	7.960E+2	
4.6825E0007	7.630E+2	
4.685E007	6.910E+2	
4.6875E0007	7.590E+2	
4.69E07	7.540E+2	
4.6925E0007	7.240E+2	
4.695E007	7.210E+2	
4.6975E0007	7.260E+2	
4.7E07	7.270E+2	
4.7025E0007	8.070E+2	
4.705E007	7.640E+2	
4.7075E0007	7.420E+2	
4.71E07	7.140E+2	
4.7125E0007	7.420E+2	
4.715E007	7.310E+2	
4.7175E0007	7.570E+2	
4.72E07	7.660E+2	
4.7225E0007	7.470E+2	
4.725E007	6.840E+2	
4.7275E0007	7.760E+2	
4.73E07	7.500E+2	
4.7325E0007	7.270E+2	
4.735E007	7.140E+2	
4.7375E0007	7.400E+2	
4.74E07	7.140E+2	
4.7425E0007	7.410E+2	
4.745E007	7.770E+2	
4.7475E0007	7.480E+2	
4.75E07	7.910E+2	
4.7525E0007	7.260E+2	
4.755E007	7.340E+2	
4.7575E0007	7.700E+2	
4.76E07	7.470E+2	
4.7625E0007	7.110E+2	
4.765E007	7.250E+2	
4.7675E0007	7.170E+2	
4.77E07	7.440E+2	
4.7725E0007	7.510E+2	
4.775E007	7.400E+2	
4.7775E0007	7.270E+2	
4.78E07	7.500E+2	
4.7825E0007	7.310E+2	
4.785E007	7.680E+2	
4.7875E0007	7.250E+2	
4.79E07	7.490E+2	
4.7925E0007	7.310E+2	
4.795E007	7.240E+2	
4.7975E0007	6.890E+2	
4.8E07	7.290E+2	
4.8025E0007	7.290E+2	
4.805E007	7.450E+2	
4.8075E0007	7.520E+2	
4.81E07	7.460E+2	
4.8125E0007	7.280E+2	
4.815E007	7.520E+2	
4.8175E0007	7.360E+2	
4.82E07	7.230E+2	
4.8225E0007	7.240E+2	
4.825E007	7.550E+2	
4.8275E0007	7.170E+2	
4.83E07	7.160E+2	
4.8325E0007	6.970E+2	
4.835E007	7.430E+2	
4.8375E0007	7.190E+2	
4.84E07	7.230E+2	
4.8425E0007	7.760E+2	
4.845E007	7.630E+2	
4.8475E0007	7.220E+2	
4.85E07	7.460E+2	
4.8525E0007	7.550E+2	
4.855E007	7.050E+2	
4.8575E0007	7.250E+2	
4.86E07	7.550E+2	
4.8625E0007	6.900E+2	
4.865E007	7.820E+2	
4.8675E0007	7.410E+2	
4.87E07	7.590E+2	
4.8725E0007	7.010E+2	
4.875E007	7.380E+2	
4.8775E0007	7.570E+2	
4.88E07	7.090E+2	
4.8825E0007	7.480E+2	
4.885E007	6.870E+2	
4.8875E0007	7.640E+2	
4.89E07	7.330E+2	
4.8925E0007	7.080E+2	
4.895E007	7.230E+2	
4.8975E0007	7.860E+2	
4.9E07	7.030E+2	
4.9025E0007	7.180E+2	
4.905E007	7.550E+2	
4.9075E0007	7.520E+2	
4.91E07	7.490E+2	
4.9125E0007	7.750E+2	
4.915E007	6.970E+2	
4.9175E0007	7.520E+2	
4.92E07	7.640E+2	
4.9225E0007	7.690E+2	
4.925E007	7.490E+2	
4.9275E0007	7.530E+2	
4.93E07	7.650E+2	
4.9325E0007	7.450E+2	
4.935E007	6.950E+2	
4.9375E0007	7.070E+2	
4.94E07	7.310E+2	
4.9425E0007	7.870E+2	
4.945E007	8.130E+2	
4.9475E0007	7.590E+2	
4.95E07	7.140E+2	
4.9525E0007	7.700E+2	
4.955E007	7.780E+2	
4.9575E0007	6.670E+2	
4.96E07	6.860E+2	
4.9625E0007	7.760E+2	
4.965E007	7.050E+2	
4.9675E0007	7.280E+2	
4.97E07	7.590E+2	
4.9725E0007	7.020E+2	
4.975E007	7.240E+2	
4.9775E0007	7.150E+2	
4.98E07	7.360E+2	
4.9825E0007	7.410E+2	
4.985E007	7.100E+2	
4.9875E0007	7.410E+2	
4.99E07	7.610E+2	
4.9925E0007	7.400E+2	
4.995E007	7.320E+2	
4.9975E0007	8.090E+2	
5E07	7.680E+2	
5.0025E0007	7.460E+2	
5.005E007	7.230E+2	
5.0075E0007	7.060E+2	
5.01E07	7.340E+2	
5.0125E0007	7.250E+2	
5.015E007	7.590E+2	
5.0175E0007	6.940E+2	
5.02E07	7.490E+2	
5.0225E0007	7.570E+2	
5.025E007	7.220E+2	
5.0275E0007	7.170E+2	
5.03E07	7.120E+2	
5.0325E0007	7.350E+2	
5.035E007	7.150E+2	
5.0375E0007	7.020E+2	
5.04E07	7.220E+2	
5.0425E0007	6.790E+2	
5.045E007	7.410E+2	
5.0475E0007	7.850E+2	
5.05E07	7.550E+2	
5.0525E0007	7.310E+2	
5.055E007	7.620E+2	
5.0575E0007	7.160E+2	
5.06E07	7.040E+2	
5.0625E0007	7.220E+2	
5.065E007	7.230E+2	
5.0675E0007	6.760E+2	
5.07E07	6.930E+2	
5.0725E0007	7.650E+2	
5.075E007	7.600E+2	
5.0775E0007	7.480E+2	
5.08E07	7.400E+2	
5.0825E0007	7.560E+2	
5.085E007	7.750E+2	
5.0875E0007	7.180E+2	
5.09E07	7.120E+2	
5.0925E0007	7.010E+2	
5.095E007	7.490E+2	
5.0975E0007	7.490E+2	
5.1E07	7.530E+2	
5.1025E0007	7.430E+2	
5.105E007	7.270E+2	
5.1075E0007	7.150E+2	
5.11E07	7.370E+2	
5.1125E0007	7.190E+2	
5.115E007	7.050E+2	
5.1175E0007	7.420E+2	
5.12E07	7.440E+2	
5.1225E0007	7.100E+2	
5.125E007	7.300E+2	
5.1275E0007	7.090E+2	
5.13E07	7.120E+2	
5.1325E0007	6.690E+2	
5.135E007	7.150E+2	
5.1375E0007	7.290E+2	
5.14E07	7.380E+2	
5.1425E0007	7.120E+2	
5.145E007	7.460E+2	
5.1475E0007	7.310E+2	
5.15E07	7.380E+2	
5.1525E0007	7.690E+2	
5.155E007	6.870E+2	
5.1575E0007	7.300E+2	
5.16E07	7.730E+2	
5.1625E0007	7.110E+2	
5.165E007	7.590E+2	
5.1675E0007	6.900E+2	
5.17E07	7.510E+2	
5.1725E0007	7.900E+2	
5.175E007	7.270E+2	
5.1775E0007	7.170E+2	
5.18E07	7.140E+2	
5.1825E0007	7.580E+2	
5.185E007	8.000E+2	
5.1875E0007	7.200E+2	
5.19E07	7.290E+2	
5.1925E0007	7.200E+2	
5.195E007	7.260E+2	
5.1975E0007	7.410E+2	
5.2E07	6.950E+2	
5.2025E0007	7.150E+2	
5.205E007	7.390E+2	
5.2075E0007	7.540E+2	
5.21E07	7.330E+2	
5.2125E0007	8.110E+2	
5.215E007	7.810E+2	
5.2175E0007	7.460E+2	
5.22E07	7.660E+2	
5.2225E0007	6.740E+2	
5.225E007	7.280E+2	
5.2275E0007	7.320E+2	
5.23E07	7.420E+2	
5.2325E0007	6.850E+2	
5.235E007	7.130E+2	
5.2375E0007	7.220E+2	
5.24E07	7.570E+2	
5.2425E0007	7.140E+2	
5.245E007	7.340E+2	
5.2475E0007	7.800E+2	
5.25E07	7.340E+2	
5.2525E0007	7.100E+2	
5.255E007	7.600E+2	
5.2575E0007	7.510E+2	
5.26E07	6.970E+2	
5.2625E0007	7.470E+2	
5.265E007	7.250E+2	
5.2675E0007	7.000E+2	
5.27E07	7.580E+2	
5.2725E0007	7.190E+2	
5.275E007	8.050E+2	
5.2775E0007	7.380E+2	
5.28E07	7.270E+2	
5.2825E0007	7.750E+2	
5.285E007	7.430E+2	
5.2875E0007	7.820E+2	
5.29E07	7.200E+2	
5.2925E0007	7.100E+2	
5.295E007	7.310E+2	
5.2975E0007	7.460E+2	
5.3E07	7.420E+2	
5.3025E0007	7.480E+2	
5.305E007	7.360E+2	
5.3075E0007	7.440E+2	
5.31E07	7.690E+2	
5.3125E0007	7.420E+2	
5.315E007	7.100E+2	
5.3175E0007	7.390E+2	
5.32E07	7.320E+2	
5.3225E0007	7.070E+2	
5.325E007	7.500E+2	
5.3275E0007	7.270E+2	
5.33E07	6.940E+2	
5.3325E0007	7.500E+2	
5.335E007	7.320E+2	
5.3375E0007	7.580E+2	
5.34E07	7.090E+2	
5.3425E0007	7.380E+2	
5.345E007	7.700E+2	
5.3475E0007	6.990E+2	
5.35E07	7.150E+2	
5.3525E0007	7.330E+2	
5.355E007	6.870E+2	
5.3575E0007	7.060E+2	
5.36E07	7.150E+2	
5.3625E0007	7.720E+2	
5.365E007	7.630E+2	
5.3675E0007	7.660E+2	
5.37E07	7.500E+2	
5.3725E0007	7.170E+2	
5.375E007	7.410E+2	
5.3775E0007	7.230E+2	
5.38E07	7.400E+2	
5.3825E0007	7.770E+2	
5.385E007	7.320E+2	
5.3875E0007	7.000E+2	
5.39E07	7.650E+2	
5.3925E0007	7.430E+2	
5.395E007	7.130E+2	
5.3975E0007	6.820E+2	
5.4E07	7.360E+2	
5.4025E0007	7.640E+2	
5.405E007	7.030E+2	
5.4075E0007	7.390E+2	
5.41E07	7.520E+2	
5.4125E0007	7.020E+2	
5.415E007	7.500E+2	
5.4175E0007	7.750E+2	
5.42E07	7.580E+2	
5.4225E0007	7.330E+2	
5.425E007	7.120E+2	
5.4275E0007	7.210E+2	
5.43E07	7.270E+2	
5.4325E0007	7.700E+2	
5.435E007	7.110E+2	
5.4375E0007	6.960E+2	
5.44E07	6.910E+2	
5.4425E0007	6.990E+2	
5.445E007	7.300E+2	
5.4475E0007	7.030E+2	
5.45E07	7.500E+2	
5.4525E0007	7.050E+2	
5.455E007	7.320E+2	
5.4575E0007	7.150E+2	
5.46E07	7.230E+2	
5.4625E0007	7.090E+2	
5.465E007	7.560E+2	
5.4675E0007	7.840E+2	
5.47E07	7.700E+2	
5.4725E0007	7.570E+2	
5.475E007	7.510E+2	
5.4775E0007	7.130E+2	
5.48E07	7.190E+2	
5.4825E0007	7.130E+2	
5.485E007	7.750E+2	
5.4875E0007	6.920E+2	
5.49E07	7.510E+2	
5.4925E0007	7.750E+2	
5.495E007	6.860E+2	
5.4975E0007	7.460E+2	
5.5E07	7.050E+2	
5.5025E0007	7.600E+2	
5.505E007	7.660E+2	
5.5075E0007	7.440E+2	
5.51E07	7.260E+2	
5.5125E0007	7.030E+2	
5.515E007	7.670E+2	
5.5175E0007	7.480E+2	
5.52E07	6.830E+2	
5.5225E0007	7.910E+2	
5.525E007	7.840E+2	
5.5275E0007	7.160E+2	
5.53E07	7.480E+2	
5.5325E0007	7.380E+2	
5.535E007	7.280E+2	
5.5375E0007	7.460E+2	
5.54E07	7.110E+2	
5.5425E0007	7.570E+2	
5.545E007	7.390E+2	
5.5475E0007	7.370E+2	
5.55E07	7.830E+2	
5.5525E0007	7.040E+2	
5.555E007	7.490E+2	
5.5575E0007	8.130E+2	
5.56E07	7.530E+2	
5.5625E0007	7.730E+2	
5.565E007	7.500E+2	
5.5675E0007	7.470E+2	
5.57E07	7.570E+2	
5.5725E0007	7.190E+2	
5.575E007	7.070E+2	
5.5775E0007	7.370E+2	
5.58E07	7.490E+2	
5.5825E0007	6.970E+2	
5.585E007	7.330E+2	
5.5875E0007	7.410E+2	
5.59E07	7.710E+2	
5.5925E0007	6.980E+2	
5.595E007	7.260E+2	
5.5975E0007	7.240E+2	
5.6E07	7.860E+2	
5.6025E0007	6.880E+2	
5.605E007	7.370E+2	
5.6075E0007	7.190E+2	
5.61E07	7.050E+2	
5.6125E0007	7.040E+2	
5.615E007	7.920E+2	
5.6175E0007	7.200E+2	
5.62E07	7.500E+2	
5.6225E0007	7.230E+2	
5.625E007	7.270E+2	
5.6275E0007	7.430E+2	
5.63E07	7.690E+2	
5.6325E0007	7.310E+2	
5.635E007	7.090E+2	
5.6375E0007	7.640E+2	
5.64E07	6.990E+2	
5.6425E0007	7.080E+2	
5.645E007	7.010E+2	
5.6475E0007	6.810E+2	
5.65E07	7.740E+2	
5.6525E0007	7.750E+2	
5.655E007	6.990E+2	
5.6575E0007	7.270E+2	
5.66E07	7.240E+2	
5.6625E0007	7.190E+2	
5.665E007	7.500E+2	
5.6675E0007	7.610E+2	
5.67E07	6.780E+2	
5.6725E0007	7.790E+2	
5.675E007	7.440E+2	
5.6775E0007	7.670E+2	
5.68E07	7.870E+2	
5.6825E0007	7.510E+2	
5.685E007	7.040E+2	
5.6875E0007	7.510E+2	
5.69E07	7.560E+2	
5.6925E0007	7.740E+2	
5.695E007	7.190E+2	
5.6975E0007	6.910E+2	
5.7E07	7.570E+2	
5.7025E0007	7.430E+2	
5.705E007	7.160E+2	
5.7075E0007	7.000E+2	
5.71E07	7.200E+2	
5.7125E0007	7.230E+2	
5.715E007	7.300E+2	
5.7175E0007	7.750E+2	
5.72E07	7.240E+2	
5.7225E0007	7.370E+2	
5.725E007	7.240E+2	
5.7275E0007	7.190E+2	
5.73E07	7.260E+2	
5.7325E0007	6.650E+2	
5.735E007	6.700E+2	
5.7375E0007	7.760E+2	
5.74E07	7.450E+2	
5.7425E0007	6.810E+2	
5.745E007	7.580E+2	
5.7475E0007	7.210E+2	
5.75E07	7.280E+2	
5.7525E0007	7.490E+2	
5.755E007	7.520E+2	
5.7575E0007	7.730E+2	
5.76E07	7.680E+2	
5.7625E0007	7.300E+2	
5.765E007	7.210E+2	
5.7675E0007	6.900E+2	
5.77E07	7.060E+2	
5.7725E0007	7.190E+2	
5.775E007	7.240E+2	
5.7775E0007	7.600E+2	
5.78E07	7.100E+2	
5.7825E0007	7.340E+2	
5.785E007	7.110E+2	
5.7875E0007	7.930E+2	
5.79E07	7.230E+2	
5.7925E0007	7.460E+2	
5.795E007	7.340E+2	
5.7975E0007	7.690E+2	
5.8E07	7.180E+2	
5.8025E0007	7.190E+2	
5.805E007	7.310E+2	
5.8075E0007	7.580E+2	
5.81E07	7.560E+2	
5.8125E0007	7.520E+2	
5.815E007	6.960E+2	
5.8175E0007	7.130E+2	
5.82E07	7.400E+2	
5.8225E0007	7.530E+2	
5.825E007	6.950E+2	
5.8275E0007	7.820E+2	
5.83E07	7.410E+2	
5.8325E0007	7.160E+2	
5.835E007	7.460E+2	
5.8375E0007	7.320E+2	
5.84E07	7.260E+2	
5.8425E0007	7.420E+2	
5.845E007	7.340E+2	
5.8475E0007	7.290E+2	
5.85E07	7.600E+2	
5.8525E0007	7.270E+2	
5.855E007	7.730E+2	
5.8575E0007	7.170E+2	
5.86E07	7.060E+2	
5.8625E0007	7.470E+2	
5.865E007	7.120E+2	
5.8675E0007	7.730E+2	
5.87E07	7.340E+2	
5.8725E0007	7.570E+2	
5.875E007	7.510E+2	
5.8775E0007	7.190E+2	
5.88E07	7.120E+2	
5.8825E0007	7.500E+2	
5.885E007	7.190E+2	
5.8875E0007	7.470E+2	
5.89E07	7.750E+2	
5.8925E0007	7.590E+2	
5.895E007	7.630E+2	
5.8975E0007	6.780E+2	
5.9E07	7.030E+2	
5.9025E0007	7.460E+2	
5.905E007	7.180E+2	
5.9075E0007	7.420E+2	
5.91E07	7.420E+2	
5.9125E0007	7.380E+2	
5.915E007	7.440E+2	
5.9175E0007	7.360E+2	
5.92E07	7.370E+2	
5.9225E0007	7.790E+2	
5.925E007	7.220E+2	
5.9275E0007	7.170E+2	
5.93E07	7.610E+2	
5.9325E0007	7.300E+2	
5.935E007	6.920E+2	
5.9375E0007	7.440E+2	
5.94E07	7.210E+2	
5.9425E0007	7.480E+2	
5.945E007	7.600E+2	
5.9475E0007	7.340E+2	
5.95E07	7.280E+2	
5.9525E0007	7.250E+2	
5.955E007	7.240E+2	
5.9575E0007	7.150E+2	
5.96E07	7.210E+2	
5.9625E0007	7.340E+2	
5.965E007	7.460E+2	
5.9675E0007	7.180E+2	
5.97E07	7.660E+2	
5.9725E0007	7.190E+2	
5.975E007	7.900E+2	
5.9775E0007	7.690E+2	
5.98E07	7.390E+2	
5.9825E0007	7.560E+2	
5.985E007	6.850E+2	
5.9875E0007	7.410E+2	
5.99E07	7.290E+2	
5.9925E0007	7.530E+2	
5.995E007	7.180E+2	
5.9975E0007	7.260E+2	
6E07	7.060E+2	
6.0025E0007	7.190E+2	
6.005E007	7.830E+2	
6.0075E0007	7.120E+2	
6.01E07	7.210E+2	
6.0125E0007	7.500E+2	
6.015E007	7.210E+2	
6.0175E0007	7.460E+2	
6.02E07	7.140E+2	
6.0225E0007	7.110E+2	
6.025E007	7.420E+2	
6.0275E0007	7.340E+2	
6.03E07	8.220E+2	
6.0325E0007	7.640E+2	
6.035E007	7.190E+2	
6.0375E0007	7.270E+2	
6.04E07	7.490E+2	
6.0425E0007	7.200E+2	
6.045E007	6.990E+2	
6.0475E0007	7.090E+2	
6.05E07	7.500E+2	
6.0525E0007	7.270E+2	
6.055E007	7.520E+2	
6.0575E0007	7.240E+2	
6.06E07	7.470E+2	
6.0625E0007	6.810E+2	
6.065E007	7.570E+2	
6.0675E0007	7.970E+2	
6.07E07	7.800E+2	
6.0725E0007	6.930E+2	
6.075E007	7.860E+2	
6.0775E0007	7.290E+2	
6.08E07	7.020E+2	
6.0825E0007	7.240E+2	
6.085E007	7.750E+2	
6.0875E0007	7.320E+2	
6.09E07	6.860E+2	
6.0925E0007	7.190E+2	
6.095E007	7.340E+2	
6.0975E0007	7.360E+2	
6.1E07	6.900E+2	
6.1025E0007	7.580E+2	
6.105E007	7.790E+2	
6.1075E0007	7.430E+2	
6.11E07	7.650E+2	
6.1125E0007	7.390E+2	
6.115E007	7.110E+2	
6.1175E0007	7.230E+2	
6.12E07	6.830E+2	
6.1225E0007	7.610E+2	
6.125E007	7.110E+2	
6.1275E0007	7.420E+2	
6.13E07	7.370E+2	
6.1325E0007	7.170E+2	
6.135E007	7.140E+2	
6.1375E0007	7.530E+2	
6.14E07	7.370E+2	
6.1425E0007	7.830E+2	
6.145E007	7.830E+2	
6.1475E0007	6.930E+2	
6.15E07	7.490E+2	
6.1525E0007	7.300E+2	
6.155E007	7.280E+2	
6.1575E0007	7.520E+2	
6.16E07	7.580E+2	
6.1625E0007	7.350E+2	
6.165E007	7.710E+2	
6.1675E0007	7.690E+2	
6.17E07	7.300E+2	
6.1725E0007	7.570E+2	
6.175E007	7.190E+2	
6.1775E0007	7.310E+2	
6.18E07	7.100E+2	
6.1825E0007	7.400E+2	
6.185E007	7.510E+2	
6.1875E0007	7.920E+2	
6.19E07	7.270E+2	
6.1925E0007	7.750E+2	
6.195E007	7.360E+2	
6.1975E0007	7.330E+2	
6.2E07	6.770E+2	
6.2025E0007	7.070E+2	
6.205E007	7.410E+2	
6.2075E0007	7.370E+2	
6.21E07	6.710E+2	
6.2125E0007	6.960E+2	
6.215E007	7.350E+2	
6.2175E0007	7.270E+2	
6.22E07	7.440E+2	
6.2225E0007	7.490E+2	
6.225E007	7.340E+2	
6.2275E0007	7.270E+2	
6.23E07	7.430E+2	
6.2325E0007	7.560E+2	
6.235E007	7.360E+2	
6.2375E0007	7.360E+2	
6.24E07	7.310E+2	
6.2425E0007	7.170E+2	
6.245E007	7.180E+2	
6.2475E0007	7.630E+2	
6.25E07	7.380E+2	
6.2525E0007	7.130E+2	
6.255E007	7.770E+2	
6.2575E0007	7.210E+2	
6.26E07	7.420E+2	
6.2625E0007	7.180E+2	
6.265E007	6.870E+2	
6.2675E0007	7.060E+2	
6.27E07	7.110E+2	
6.2725E0007	7.530E+2	
6.275E007	7.380E+2	
6.2775E0007	7.700E+2	
6.28E07	6.990E+2	
6.2825E0007	7.110E+2	
6.285E007	7.510E+2	
6.2875E0007	7.400E+2	
6.29E07	7.230E+2	
6.2925E0007	6.680E+2	
6.295E007	7.160E+2	
6.2975E0007	7.150E+2	
6.3E07	7.290E+2	
6.3025E0007	7.480E+2	
6.305E007	7.750E+2	
6.3075E0007	7.110E+2	
6.31E07	7.690E+2	
6.3125E0007	7.440E+2	
6.315E007	7.060E+2	
6.3175E0007	7.410E+2	
6.32E07	7.310E+2	
6.3225E0007	7.560E+2	
6.325E007	7.080E+2	
6.3275E0007	6.950E+2	
6.33E07	7.230E+2	
6.3325E0007	7.490E+2	
6.335E007	6.750E+2	
6.3375E0007	7.620E+2	
6.34E07	7.300E+2	
6.3425E0007	8.020E+2	
6.345E007	7.240E+2	
6.3475E0007	7.340E+2	
6.35E07	7.110E+2	
6.3525E0007	7.560E+2	
6.355E007	7.160E+2	
6.3575E0007	7.160E+2	
6.36E07	7.220E+2	
6.3625E0007	7.050E+2	
6.365E007	7.640E+2	
6.3675E0007	7.650E+2	
6.37E07	7.210E+2	
6.3725E0007	7.310E+2	
6.375E007	7.680E+2	
6.3775E0007	7.310E+2	
6.38E07	7.320E+2	
6.3825E0007	7.470E+2	
6.385E007	7.400E+2	
6.3875E0007	7.260E+2	
6.39E07	6.810E+2	
6.3925E0007	7.250E+2	
6.395E007	7.340E+2	
6.3975E0007	7.740E+2	
64000005.000000	7.470E+2	
64025005.000000	7.610E+2	
64050005.000000	7.620E+2	
64075005.000000	7.380E+2	
64100005.000000	7.150E+2	
64125005.000000	7.310E+2	
64150005.000000	7.510E+2	
64175005.000000	7.390E+2	
64200005.000000	7.340E+2	
64225005.000000	7.240E+2	
64250005.000000	6.770E+2	
64275005.000000	6.970E+2	
64300005.000000	7.280E+2	
64325005.000000	7.180E+2	
64350005.000000	7.660E+2	
64375005.000000	7.070E+2	
64400005.000000	7.100E+2	
64425005.000000	7.700E+2	
64450005.000000	7.180E+2	
64475005.000000	7.240E+2	
64500005.000000	7.440E+2	
64525005.000000	7.400E+2	
64550005.000000	7.260E+2	
64575005.000000	7.380E+2	
64600005.000000	7.560E+2	
64625005.000000	6.870E+2	
64650005.000000	7.570E+2	
64675005.000000	7.620E+2	
64700005.000000	7.440E+2	
64725005.000000	7.340E+2	
64750005.000000	7.520E+2	
64775005.000000	7.430E+2	
64800005.000000	7.150E+2	
64825005.000000	7.460E+2	
64850005.000000	7.670E+2	
64875005.000000	7.350E+2	
64900005.000000	7.500E+2	
64925005.000000	7.750E+2	
64950005.000000	7.100E+2	
64975005.000000	7.720E+2	
65000005.000000	8.180E+2	
65025005.000000	7.220E+2	
65050005.000000	7.110E+2	
65075005.000000	7.470E+2	
65100005.000000	7.350E+2	
65125005.000000	7.060E+2	
65150005.000000	7.420E+2	
65175005.000000	7.560E+2	
65200005.000000	7.270E+2	
65225005.000000	7.460E+2	
65250005.000000	7.720E+2	
65275005.000000	7.340E+2	
65300005.000000	7.050E+2	
65325005.000000	6.900E+2	
65350005.000000	6.940E+2	
65375005.000000	7.410E+2	
65400005.000000	7.360E+2	
65425005.000000	7.510E+2	
65450005.000000	7.250E+2	
65475005.000000	7.550E+2	
65500005.000000	7.050E+2	
65525005.000000	7.530E+2	
65550005.000000	7.180E+2	
65575005.000000	7.530E+2	
65600005.000000	7.210E+2	
65625005.000000	6.940E+2	
65650005.000000	7.210E+2	
65675005.000000	7.200E+2	
65700005.000000	7.360E+2	
65725005.000000	7.040E+2	
65750005.000000	7.520E+2	
65775005.000000	6.820E+2	
65800005.000000	7.340E+2	
65825005.000000	7.200E+2	
65850005.000000	7.120E+2	
65875005.000000	7.430E+2	
65900005.000000	7.620E+2	
65925005.000000	7.070E+2	
65950005.000000	7.720E+2	
65975005.000000	7.190E+2	
66000005.000000	6.820E+2	
66025005.000000	7.820E+2	
66050005.000000	7.460E+2	
66075005.000000	6.970E+2	
66100005.000000	7.650E+2	
66125005.000000	8.000E+2	
66150005.000000	7.090E+2	
66175005.000000	7.410E+2	
66200005.000000	7.370E+2	
66225005.000000	7.200E+2	
66250005.000000	7.640E+2	
66275005.000000	7.530E+2	
66300005.000000	7.250E+2	
66325005.000000	6.950E+2	
66350005.000000	7.450E+2	
66375005.000000	8.000E+2	
66400005.000000	7.200E+2	
66425005.000000	7.390E+2	
66450005.000000	7.420E+2	
66475005.000000	7.290E+2	
66500005.000000	7.600E+2	
66525005.000000	7.310E+2	
66550005.000000	7.300E+2	
66575005.000000	7.480E+2	
66600005.000000	7.330E+2	
66625005.000000	7.320E+2	
66650005.000000	7.340E+2	
66675005.000000	7.420E+2	
66700005.000000	7.710E+2	
66725005.000000	8.010E+2	
66750005.000000	7.300E+2	
66775005.000000	7.570E+2	
66800005.000000	7.180E+2	
66825005.000000	7.150E+2	
66850005.000000	7.530E+2	
66875005.000000	7.860E+2	
66900005.000000	7.300E+2	
66925005.000000	7.590E+2	
66950005.000000	7.100E+2	
66975005.000000	7.110E+2	
67000005.000000	7.250E+2	
67025005.000000	7.600E+2	
67050005.000000	7.170E+2	
67075005.000000	7.950E+2	
67100005.000000	7.350E+2	
67125005.000000	7.180E+2	
67150005.000000	7.610E+2	
67175005.000000	7.330E+2	
67200005.000000	6.950E+2	
67225005.000000	7.260E+2	
67250005.000000	7.750E+2	
67275005.000000	7.210E+2	
67300005.000000	7.640E+2	
67325005.000000	7.210E+2	
67350005.000000	7.520E+2	
67375005.000000	7.730E+2	
67400005.000000	7.460E+2	
67425005.000000	7.060E+2	
67450005.000000	7.210E+2	
67475005.000000	7.620E+2	
67500005.000000	7.640E+2	
67525005.000000	7.560E+2	
67550005.000000	7.180E+2	
67575005.000000	7.350E+2	
67600005.000000	7.070E+2	
67625005.000000	7.480E+2	
67650005.000000	6.390E+2	
67675005.000000	7.510E+2	
67700005.000000	7.500E+2	
67725005.000000	7.130E+2	
67750005.000000	7.150E+2	
67775005.000000	7.320E+2	
67800005.000000	7.490E+2	
67825005.000000	7.110E+2	
67850005.000000	7.410E+2	
67875005.000000	7.300E+2	
67900005.000000	7.620E+2	
67925005.000000	7.440E+2	
67950005.000000	7.590E+2	
67975005.000000	7.130E+2	
68000005.000000	6.970E+2	
68025005.000000	7.530E+2	
68050005.000000	7.800E+2	
68075005.000000	7.060E+2	
68100005.000000	7.620E+2	
68125005.000000	7.440E+2	
68150005.000000	6.990E+2	
68175005.000000	7.190E+2	
68200005.000000	7.370E+2	
68225005.000000	7.730E+2	
68250005.000000	7.300E+2	
68275005.000000	7.040E+2	
68300005.000000	7.840E+2	
68325005.000000	7.520E+2	
68350005.000000	7.400E+2	
68375005.000000	7.240E+2	
68400005.000000	7.610E+2	
68425005.000000	7.310E+2	
68450005.000000	7.330E+2	
68475005.000000	7.490E+2	
68500005.000000	6.910E+2	
68525005.000000	7.620E+2	
68550005.000000	7.050E+2	
68575005.000000	7.610E+2	
68600005.000000	7.110E+2	
68625005.000000	7.480E+2	
68650005.000000	7.340E+2	
68675005.000000	7.370E+2	
68700005.000000	7.470E+2	
68725005.000000	7.050E+2	
68750005.000000	7.230E+2	
68775005.000000	7.380E+2	
68800005.000000	6.870E+2	
68825005.000000	6.920E+2	
68850005.000000	7.680E+2	
68875005.000000	7.680E+2	
68900005.000000	7.010E+2	
68925005.000000	7.520E+2	
68950005.000000	7.340E+2	
68975005.000000	7.470E+2	
69000005.000000	7.310E+2	
69025005.000000	6.930E+2	
69050005.000000	7.710E+2	
69075005.000000	7.170E+2	
69100005.000000	6.990E+2	
69125005.000000	7.120E+2	
69150005.000000	7.040E+2	
69175005.000000	7.140E+2	
69200005.000000	6.950E+2	
69225005.000000	8.010E+2	
69250005.000000	7.260E+2	
69275005.000000	7.610E+2	
69300005.000000	7.480E+2	
69325005.000000	6.660E+2	
69350005.000000	7.220E+2	
69375005.000000	7.320E+2	
69400005.000000	7.250E+2	
69425005.000000	7.360E+2	
69450005.000000	7.610E+2	
69475005.000000	7.640E+2	
69500005.000000	7.300E+2	
69525005.000000	7.150E+2	
69550005.000000	7.370E+2	
69575005.000000	7.280E+2	
69600005.000000	7.490E+2	
69625005.000000	7.600E+2	
69650005.000000	7.090E+2	
69675005.000000	7.010E+2	
69700005.000000	7.450E+2	
69725005.000000	7.920E+2	
69750005.000000	7.290E+2	
69775005.000000	7.400E+2	
69800005.000000	7.160E+2	
69825005.000000	7.670E+2	
69850005.000000	7.740E+2	
69875005.000000	7.650E+2	
69900005.000000	7.650E+2	
69925005.000000	7.630E+2	
69950005.000000	7.200E+2	
69975005.000000	7.270E+2	
70000005.000000	7.530E+2	
70025005.000000	7.590E+2	
70050005.000000	7.940E+2	
70075005.000000	7.310E+2	
70100005.000000	7.360E+2	
70125005.000000	7.130E+2	
70150005.000000	6.880E+2	
70175005.000000	7.680E+2	
70200005.000000	7.230E+2	
70225005.000000	7.710E+2	
70250005.000000	7.610E+2	
70275005.000000	7.450E+2	
70300005.000000	7.060E+2	
70325005.000000	7.480E+2	
70350005.000000	7.090E+2	
70375005.000000	7.330E+2	
70400006.000000	7.680E+2	
70425006.000000	7.260E+2	
70450006.000000	7.800E+2	
70475006.000000	7.740E+2	
70500006.000000	7.710E+2	
70525006.000000	7.210E+2	
70550006.000000	7.470E+2	
70575006.000000	7.540E+2	
70600006.000000	7.350E+2	
70625006.000000	7.200E+2	
70650006.000000	7.590E+2	
70675006.000000	6.890E+2	
70700006.000000	7.750E+2	
70725006.000000	7.040E+2	
70750006.000000	7.530E+2	
70775006.000000	7.430E+2	
70800006.000000	7.340E+2	
70825006.000000	7.360E+2	
70850006.000000	7.470E+2	
70875006.000000	7.340E+2	
70900006.000000	7.260E+2	
70925006.000000	7.510E+2	
70950006.000000	6.910E+2	
70975006.000000	7.430E+2	
71000006.000000	7.800E+2	
71025006.000000	7.160E+2	
71050006.000000	7.340E+2	
71075006.000000	7.370E+2	
71100006.000000	7.390E+2	
71125006.000000	7.710E+2	
71150006.000000	7.240E+2	
71175006.000000	7.240E+2	
71200006.000000	7.620E+2	
71225006.000000	7.020E+2	
71250006.000000	7.160E+2	
71275006.000000	7.470E+2	
71300006.000000	7.280E+2	
71325006.000000	7.370E+2	
71350006.000000	7.320E+2	
71375006.000000	7.670E+2	
71400006.000000	7.110E+2	
71425006.000000	7.410E+2	
71450006.000000	7.560E+2	
71475006.000000	7.360E+2	
71500006.000000	7.300E+2	
71525006.000000	7.550E+2	
71550006.000000	7.010E+2	
71575006.000000	7.030E+2	
71600006.000000	6.830E+2	
71625006.000000	7.570E+2	
71650006.000000	7.350E+2	
71675006.000000	7.250E+2	
71700006.000000	7.630E+2	
71725006.000000	7.760E+2	
71750006.000000	7.460E+2	
71775006.000000	6.970E+2	
71800006.000000	7.520E+2	
71825006.000000	7.680E+2	
71850006.000000	7.310E+2	
71875006.000000	7.580E+2	
71900006.000000	7.380E+2	
71925006.000000	7.210E+2	
71950006.000000	6.800E+2	
71975006.000000	7.470E+2	
72000006.000000	7.540E+2	
72025006.000000	7.160E+2	
72050006.000000	7.820E+2	
72075006.000000	7.220E+2	
72100006.000000	6.890E+2	
72125006.000000	7.850E+2	
72150006.000000	7.950E+2	
72175006.000000	6.720E+2	
72200006.000000	7.430E+2	
72225006.000000	7.560E+2	
72250006.000000	6.950E+2	
72275006.000000	7.330E+2	
72300006.000000	6.810E+2	
72325006.000000	7.290E+2	
72350006.000000	7.140E+2	
72375006.000000	7.380E+2	
72400006.000000	7.440E+2	
72425006.000000	7.530E+2	
72450006.000000	7.380E+2	
72475006.000000	7.350E+2	
72500006.000000	8.130E+2	
72525006.000000	7.150E+2	
72550006.000000	7.210E+2	
72575006.000000	7.130E+2	
72600006.000000	7.320E+2	
72625006.000000	7.790E+2	
72650006.000000	7.160E+2	
72675006.000000	7.260E+2	
72700006.000000	7.550E+2	
72725006.000000	7.730E+2	
72750006.000000	7.300E+2	
72775006.000000	7.460E+2	
72800006.000000	7.380E+2	
72825006.000000	7.620E+2	
72850006.000000	7.190E+2	
72875006.000000	7.430E+2	
72900006.000000	7.210E+2	
72925006.000000	7.220E+2	
72950006.000000	6.840E+2	
72975006.000000	7.820E+2	
73000006.000000	7.340E+2	
73025006.000000	7.510E+2	
73050006.000000	7.530E+2	
73075006.000000	7.640E+2	
73100006.000000	7.600E+2	
73125006.000000	7.530E+2	
73150006.000000	6.940E+2	
73175006.000000	7.100E+2	
73200006.000000	7.560E+2	
73225006.000000	7.300E+2	
73250006.000000	7.030E+2	
73275006.000000	7.110E+2	
73300006.000000	7.320E+2	
73325006.000000	7.730E+2	
73350006.000000	7.440E+2	
73375006.000000	7.030E+2	
73400006.000000	6.640E+2	
73425006.000000	7.120E+2	
73450006.000000	7.010E+2	
73475006.000000	7.420E+2	
73500006.000000	7.500E+2	
73525006.000000	7.280E+2	
73550006.000000	7.420E+2	
73575006.000000	6.690E+2	
73600006.000000	6.960E+2	
73625006.000000	7.890E+2	
73650006.000000	7.500E+2	
73675006.000000	7.830E+2	
73700006.000000	7.520E+2	
73725006.000000	7.380E+2	
73750006.000000	6.990E+2	
73775006.000000	7.800E+2	
73800006.000000	7.650E+2	
73825006.000000	6.960E+2	
73850006.000000	7.350E+2	
73875006.000000	7.700E+2	
73900006.000000	6.820E+2	
73925006.000000	7.840E+2	
73950006.000000	7.220E+2	
73975006.000000	7.660E+2	
74000006.000000	7.390E+2	
74025006.000000	7.330E+2	
74050006.000000	7.080E+2	
74075006.000000	7.920E+2	
74100006.000000	7.030E+2	
74125006.000000	7.990E+2	
74150006.000000	7.470E+2	
74175006.000000	7.190E+2	
74200006.000000	7.530E+2	
74225006.000000	7.270E+2	
74250006.000000	7.480E+2	
74275006.000000	6.950E+2	
74300006.000000	6.990E+2	
74325006.000000	7.210E+2	
74350006.000000	7.550E+2	
74375006.000000	7.260E+2	
74400006.000000	7.580E+2	
74425006.000000	6.680E+2	
74450006.000000	7.130E+2	
74475006.000000	7.130E+2	
74500006.000000	7.430E+2	
74525006.000000	7.610E+2	
74550006.000000	7.810E+2	
74575006.000000	7.310E+2	
74600006.000000	7.370E+2	
74625006.000000	7.180E+2	
74650006.000000	7.240E+2	
74675006.000000	7.740E+2	
74700006.000000	7.330E+2	
74725006.000000	7.280E+2	
74750006.000000	7.500E+2	
74775006.000000	7.280E+2	
74800006.000000	7.210E+2	
74825006.000000	7.540E+2	
74850006.000000	7.280E+2	
74875006.000000	7.260E+2	
74900006.000000	7.040E+2	
74925006.000000	7.210E+2	
74950006.000000	7.430E+2	
74975006.000000	7.410E+2	
75000006.000000	7.950E+2	
75025006.000000	7.500E+2	
75050006.000000	7.130E+2	
75075006.000000	6.810E+2	
75100006.000000	7.250E+2	
75125006.000000	7.300E+2	
75150006.000000	8.080E+2	
75175006.000000	7.170E+2	
75200006.000000	7.350E+2	
75225006.000000	7.090E+2	
75250006.000000	7.340E+2	
75275006.000000	7.490E+2	
75300006.000000	7.240E+2	
75325006.000000	8.000E+2	
75350006.000000	7.310E+2	
75375006.000000	7.520E+2	
75400006.000000	7.210E+2	
75425006.000000	7.490E+2	
75450006.000000	7.260E+2	
75475006.000000	6.910E+2	
75500006.000000	7.200E+2	
75525006.000000	7.600E+2	
75550006.000000	7.170E+2	
75575006.000000	7.180E+2	
75600006.000000	7.560E+2	
75625006.000000	7.290E+2	
75650006.000000	7.270E+2	
75675006.000000	8.090E+2	
75700006.000000	7.600E+2	
75725006.000000	7.680E+2	
75750006.000000	7.790E+2	
75775006.000000	7.340E+2	
75800006.000000	7.370E+2	
75825006.000000	7.370E+2	
75850006.000000	7.330E+2	
75875006.000000	7.440E+2	
75900006.000000	7.860E+2	
75925006.000000	7.530E+2	
75950006.000000	7.310E+2	
75975006.000000	7.440E+2	
76000006.000000	7.270E+2	
76025006.000000	7.460E+2	
76050006.000000	6.950E+2	
76075006.000000	6.980E+2	
76100006.000000	7.380E+2	
76125006.000000	7.170E+2	
76150006.000000	7.060E+2	
76175006.000000	7.450E+2	
76200006.000000	7.470E+2	
76225006.000000	7.080E+2	
76250006.000000	7.630E+2	
76275006.000000	7.260E+2	
76300006.000000	7.530E+2	
76325006.000000	6.840E+2	
76350006.000000	7.230E+2	
76375006.000000	7.460E+2	
76400006.000000	7.020E+2	
76425006.000000	7.410E+2	
76450006.000000	7.160E+2	
76475006.000000	7.410E+2	
76500006.000000	7.090E+2	
76525006.000000	7.560E+2	
76550006.000000	7.080E+2	
76575006.000000	7.250E+2	
76600006.000000	7.590E+2	
76625006.000000	6.970E+2	
76650006.000000	7.690E+2	
76675006.000000	7.490E+2	
76700006.000000	7.280E+2	
76725006.000000	8.300E+2	
76750006.000000	7.290E+2	
76775006.000000	7.740E+2	
76800006.000000	7.720E+2	
76825006.000000	7.190E+2	
76850006.000000	7.220E+2	
76875006.000000	7.660E+2	
76900006.000000	7.370E+2	
76925006.000000	7.700E+2	
76950006.000000	6.960E+2	
76975006.000000	7.420E+2	
77000006.000000	7.110E+2	
77025006.000000	7.520E+2	
77050006.000000	8.130E+2	
77075006.000000	7.460E+2	
77100006.000000	7.510E+2	
77125006.000000	7.630E+2	
77150006.000000	8.040E+2	
77175006.000000	7.170E+2	
77200006.000000	6.850E+2	
77225006.000000	7.690E+2	
77250006.000000	8.070E+2	
77275006.000000	7.900E+2	
77300006.000000	7.230E+2	
77325006.000000	7.200E+2	
77350006.000000	7.250E+2	
77375006.000000	7.790E+2	
77400006.000000	7.270E+2	
77425006.000000	7.260E+2	
77450006.000000	7.410E+2	
77475006.000000	7.700E+2	
77500006.000000	7.250E+2	
77525006.000000	7.470E+2	
77550006.000000	7.690E+2	
77575006.000000	6.980E+2	
77600006.000000	7.520E+2	
77625006.000000	6.880E+2	
77650006.000000	7.190E+2	
77675006.000000	7.290E+2	
77700006.000000	7.440E+2	
77725006.000000	6.930E+2	
77750006.000000	7.000E+2	
77775006.000000	7.260E+2	
77800006.000000	7.440E+2	
77825006.000000	7.260E+2	
77850006.000000	7.050E+2	
77875006.000000	7.340E+2	
77900006.000000	7.240E+2	
77925006.000000	7.280E+2	
77950006.000000	7.630E+2	
77975006.000000	7.810E+2	
78000006.000000	7.440E+2	
78025006.000000	7.700E+2	
78050006.000000	7.660E+2	
78075006.000000	7.350E+2	
78100006.000000	7.650E+2	
78125006.000000	6.880E+2	
78150006.000000	7.530E+2	
78175006.000000	6.850E+2	
78200006.000000	7.150E+2	
78225006.000000	7.060E+2	
78250006.000000	7.230E+2	
78275006.000000	7.400E+2	
78300006.000000	7.120E+2	
78325006.000000	7.270E+2	
78350006.000000	7.200E+2	
78375006.000000	7.400E+2	
78400006.000000	7.490E+2	
78425006.000000	6.900E+2	
78450006.000000	6.830E+2	
78475006.000000	7.340E+2	
78500006.000000	7.240E+2	
78525006.000000	7.460E+2	
78550006.000000	7.360E+2	
78575006.000000	6.890E+2	
78600006.000000	6.990E+2	
78625006.000000	7.390E+2	
78650006.000000	7.520E+2	
78675006.000000	7.070E+2	
78700006.000000	7.130E+2	
78725006.000000	7.490E+2	
78750006.000000	7.280E+2	
78775006.000000	7.040E+2	
78800006.000000	7.980E+2	
78825006.000000	6.980E+2	
78850006.000000	7.460E+2	
78875006.000000	7.410E+2	
78900006.000000	7.000E+2	
78925006.000000	7.240E+2	
78950006.000000	6.870E+2	
78975006.000000	7.470E+2	
79000006.000000	7.510E+2	
79025006.000000	7.060E+2	
79050006.000000	7.490E+2	
79075006.000000	7.260E+2	
79100006.000000	7.270E+2	
79125006.000000	7.060E+2	
79150006.000000	7.530E+2	
79175006.000000	6.970E+2	
79200006.000000	7.410E+2	
79225006.000000	7.510E+2	
79250006.000000	7.250E+2	
79275006.000000	7.590E+2	
79300006.000000	7.720E+2	
79325006.000000	7.340E+2	
79350006.000000	6.960E+2	
79375006.000000	7.340E+2	
79400006.000000	7.090E+2	
79425006.000000	7.360E+2	
79450006.000000	7.180E+2	
79475006.000000	7.670E+2	
79500006.000000	6.660E+2	
79525006.000000	7.540E+2	
79550006.000000	7.560E+2	
79575006.000000	7.650E+2	
79600006.000000	7.510E+2	
79625006.000000	7.170E+2	
79650006.000000	7.390E+2	
79675006.000000	7.100E+2	
79700006.000000	7.700E+2	
79725006.000000	8.070E+2	
79750006.000000	7.230E+2	
79775006.000000	7.650E+2	
79800006.000000	7.980E+2	
79825006.000000	7.480E+2	
79850006.000000	7.050E+2	
79875006.000000	7.680E+2	
79900006.000000	7.100E+2	
79925006.000000	7.250E+2	
79950006.000000	8.000E+2	
79975006.000000	7.460E+2	
80000006.000000	7.750E+2	
80025006.000000	7.300E+2	
80050006.000000	7.290E+2	
80075006.000000	8.200E+2	
80100006.000000	7.210E+2	
80125006.000000	7.610E+2	
80150006.000000	7.090E+2	
80175006.000000	7.650E+2	
80200006.000000	7.420E+2	
80225006.000000	7.170E+2	
80250006.000000	7.340E+2	
80275006.000000	7.290E+2	
80300006.000000	7.480E+2	
80325006.000000	7.560E+2	
80350006.000000	7.250E+2	
80375006.000000	7.490E+2	
80400006.000000	7.470E+2	
80425006.000000	7.400E+2	
80450006.000000	6.700E+2	
80475006.000000	7.150E+2	
80500006.000000	8.030E+2	
80525006.000000	7.330E+2	
80550006.000000	7.140E+2	
80575006.000000	7.230E+2	
80600006.000000	7.510E+2	
80625006.000000	6.790E+2	
80650006.000000	7.080E+2	
80675006.000000	6.850E+2	
80700006.000000	7.600E+2	
80725006.000000	7.630E+2	
80750006.000000	7.770E+2	
80775006.000000	7.520E+2	
80800006.000000	7.280E+2	
80825006.000000	7.590E+2	
80850006.000000	7.370E+2	
80875006.000000	7.390E+2	
80900006.000000	6.870E+2	
80925006.000000	7.240E+2	
80950006.000000	7.310E+2	
80975006.000000	7.770E+2	
81000006.000000	7.270E+2	
81025006.000000	7.570E+2	
81050006.000000	7.480E+2	
81075006.000000	7.560E+2	
81100006.000000	7.530E+2	
81125006.000000	6.970E+2	
81150006.000000	7.360E+2	
81175006.000000	8.030E+2	
81200006.000000	7.820E+2	
81225006.000000	7.590E+2	
81250006.000000	7.640E+2	
81275006.000000	7.400E+2	
81300006.000000	7.500E+2	
81325006.000000	7.330E+2	
81350006.000000	7.500E+2	
81375006.000000	7.530E+2	
81400006.000000	7.600E+2	
81425006.000000	7.390E+2	
81450006.000000	7.040E+2	
81475006.000000	7.320E+2	
81500006.000000	7.580E+2	
81525006.000000	7.490E+2	
81550006.000000	7.270E+2	
81575006.000000	7.550E+2	
81600006.000000	7.670E+2	
81625006.000000	7.570E+2	
81650006.000000	7.550E+2	
81675006.000000	7.440E+2	
81700006.000000	7.740E+2	
81725006.000000	7.200E+2	
81750006.000000	7.750E+2	
81775006.000000	7.850E+2	
81800006.000000	7.410E+2	
81825006.000000	7.300E+2	
81850006.000000	7.090E+2	
81875006.000000	7.170E+2	
81900006.000000	6.940E+2	
81925006.000000	7.450E+2	
81950006.000000	7.220E+2	
81975006.000000	7.430E+2	
82000006.000000	7.400E+2	
82025006.000000	7.380E+2	
82050006.000000	7.540E+2	
82075006.000000	7.420E+2	
82100006.000000	7.470E+2	
82125006.000000	7.790E+2	
82150006.000000	6.940E+2	
82175006.000000	7.680E+2	
82200006.000000	6.790E+2	
82225006.000000	7.350E+2	
82250006.000000	6.840E+2	
82275006.000000	7.410E+2	
82300006.000000	7.330E+2	
82325006.000000	7.750E+2	
82350006.000000	7.430E+2	
82375006.000000	6.880E+2	
82400006.000000	7.530E+2	
82425006.000000	7.400E+2	
82450006.000000	7.440E+2	
82475006.000000	7.270E+2	
82500006.000000	7.360E+2	
82525006.000000	7.200E+2	
82550006.000000	7.750E+2	
82575006.000000	6.830E+2	
82600006.000000	7.630E+2	
82625006.000000	7.680E+2	
82650006.000000	7.260E+2	
82675006.000000	7.580E+2	
82700006.000000	7.340E+2	
82725006.000000	7.180E+2	
82750006.000000	7.120E+2	
82775006.000000	7.210E+2	
82800006.000000	7.510E+2	
82825006.000000	7.510E+2	
82850006.000000	7.210E+2	
82875006.000000	7.490E+2	
82900006.000000	7.620E+2	
82925006.000000	7.010E+2	
82950006.000000	7.500E+2	
82975006.000000	6.800E+2	
83000006.000000	7.380E+2	
83025006.000000	7.340E+2	
83050006.000000	7.350E+2	
83075006.000000	7.350E+2	
83100006.000000	7.520E+2	
83125006.000000	7.510E+2	
83150006.000000	7.560E+2	
83175006.000000	7.850E+2	
83200007.000000	6.850E+2	
83225007.000000	7.540E+2	
83250007.000000	7.270E+2	
83275007.000000	7.610E+2	
83300007.000000	7.270E+2	
83325007.000000	7.230E+2	
83350007.000000	7.240E+2	
83375007.000000	7.860E+2	
83400007.000000	7.400E+2	
83425007.000000	7.670E+2	
83450007.000000	7.560E+2	
83475007.000000	7.200E+2	
83500007.000000	7.440E+2	
83525007.000000	7.700E+2	
83550007.000000	7.240E+2	
83575007.000000	6.880E+2	
83600007.000000	7.190E+2	
83625007.000000	7.730E+2	
83650007.000000	7.540E+2	
83675007.000000	7.430E+2	
83700007.000000	7.310E+2	
83725007.000000	7.440E+2	
83750007.000000	6.870E+2	
83775007.000000	7.160E+2	
83800007.000000	7.250E+2	
83825007.000000	7.640E+2	
83850007.000000	7.490E+2	
83875007.000000	7.940E+2	
83900007.000000	7.300E+2	
83925007.000000	7.500E+2	
83950007.000000	7.570E+2	
83975007.000000	7.680E+2	
84000007.000000	7.250E+2	
84025007.000000	7.270E+2	
84050007.000000	7.500E+2	
84075007.000000	7.560E+2	
84100007.000000	7.560E+2	
84125007.000000	7.070E+2	
84150007.000000	7.320E+2	
84175007.000000	7.120E+2	
84200007.000000	7.100E+2	
84225007.000000	7.750E+2	
84250007.000000	7.290E+2	
84275007.000000	7.110E+2	
84300007.000000	7.610E+2	
84325007.000000	7.210E+2	
84350007.000000	7.410E+2	
84375007.000000	7.340E+2	
84400007.000000	6.990E+2	
84425007.000000	7.750E+2	
84450007.000000	7.310E+2	
84475007.000000	7.210E+2	
84500007.000000	7.340E+2	
84525007.000000	7.620E+2	
84550007.000000	7.060E+2	
84575007.000000	7.180E+2	
84600007.000000	8.020E+2	
84625007.000000	7.400E+2	
84650007.000000	7.350E+2	
84675007.000000	7.530E+2	
84700007.000000	6.960E+2	
84725007.000000	7.150E+2	
84750007.000000	7.260E+2	
84775007.000000	7.250E+2	
84800007.000000	6.950E+2	
84825007.000000	7.440E+2	
84850007.000000	7.330E+2	
84875007.000000	7.240E+2	
84900007.000000	7.560E+2	
84925007.000000	7.520E+2	
84950007.000000	7.160E+2	
84975007.000000	7.270E+2	
85000007.000000	7.370E+2	
85025007.000000	7.450E+2	
85050007.000000	7.440E+2	
85075007.000000	7.700E+2	
85100007.000000	7.210E+2	
85125007.000000	7.630E+2	
85150007.000000	7.260E+2	
85175007.000000	7.120E+2	
85200007.000000	6.800E+2	
85225007.000000	7.550E+2	
85250007.000000	7.770E+2	
85275007.000000	7.960E+2	
85300007.000000	7.810E+2	
85325007.000000	7.270E+2	
85350007.000000	7.260E+2	
85375007.000000	7.300E+2	
85400007.000000	7.470E+2	
85425007.000000	7.620E+2	
85450007.000000	6.930E+2	
85475007.000000	7.320E+2	
85500007.000000	7.240E+2	
85525007.000000	7.270E+2	
85550007.000000	7.200E+2	
85575007.000000	7.320E+2	
85600007.000000	7.920E+2	
85625007.000000	6.850E+2	
85650007.000000	7.220E+2	
85675007.000000	7.750E+2	
85700007.000000	7.430E+2	
85725007.000000	7.070E+2	
85750007.000000	7.190E+2	
85775007.000000	7.320E+2	
85800007.000000	7.010E+2	
85825007.000000	7.000E+2	
85850007.000000	7.240E+2	
85875007.000000	6.870E+2	
85900007.000000	7.420E+2	
85925007.000000	7.150E+2	
85950007.000000	7.000E+2	
85975007.000000	7.640E+2	
86000007.000000	7.310E+2	
86025007.000000	7.130E+2	
86050007.000000	7.410E+2	
86075007.000000	7.110E+2	
86100007.000000	7.430E+2	
86125007.000000	7.040E+2	
86150007.000000	7.530E+2	
86175007.000000	7.710E+2	
86200007.000000	7.140E+2	
86225007.000000	7.720E+2	
86250007.000000	7.190E+2	
86275007.000000	7.130E+2	
86300007.000000	7.880E+2	
86325007.000000	7.240E+2	
86350007.000000	7.340E+2	
86375007.000000	7.340E+2	
86400007.000000	7.250E+2	
86425007.000000	7.500E+2	
86450007.000000	7.210E+2	
86475007.000000	6.950E+2	
86500007.000000	7.280E+2	
86525007.000000	7.160E+2	
86550007.000000	7.480E+2	
86575007.000000	7.310E+2	
86600007.000000	7.270E+2	
86625007.000000	6.960E+2	
86650007.000000	7.080E+2	
86675007.000000	6.860E+2	
86700007.000000	7.320E+2	
86725007.000000	7.090E+2	
86750007.000000	7.580E+2	
86775007.000000	7.000E+2	
86800007.000000	7.490E+2	
86825007.000000	7.440E+2	
86850007.000000	7.450E+2	
86875007.000000	7.710E+2	
86900007.000000	7.470E+2	
86925007.000000	7.820E+2	
86950007.000000	7.160E+2	
86975007.000000	7.680E+2	
87000007.000000	7.320E+2	
87025007.000000	7.510E+2	
87050007.000000	7.280E+2	
87075007.000000	7.610E+2	
87100007.000000	7.070E+2	
87125007.000000	7.520E+2	
87150007.000000	7.330E+2	
87175007.000000	7.240E+2	
87200007.000000	7.300E+2	
87225007.000000	7.150E+2	
87250007.000000	7.490E+2	
87275007.000000	7.880E+2	
87300007.000000	7.490E+2	
87325007.000000	7.340E+2	
87350007.000000	7.580E+2	
87375007.000000	7.350E+2	
87400007.000000	7.200E+2	
87425007.000000	7.350E+2	
87450007.000000	7.010E+2	
87475007.000000	7.040E+2	
87500007.000000	7.690E+2	
87525007.000000	7.590E+2	
87550007.000000	6.780E+2	
87575007.000000	7.630E+2	
87600007.000000	7.200E+2	
87625007.000000	6.770E+2	
87650007.000000	7.220E+2	
87675007.000000	7.220E+2	
87700007.000000	7.490E+2	
87725007.000000	6.800E+2	
87750007.000000	7.900E+2	
87775007.000000	7.420E+2	
87800007.000000	7.460E+2	
87825007.000000	7.130E+2	
87850007.000000	6.850E+2	
87875007.000000	7.520E+2	
87900007.000000	7.180E+2	
87925007.000000	7.630E+2	
87950007.000000	7.540E+2	
87975007.000000	7.190E+2	
88000007.000000	7.410E+2	
88025007.000000	7.240E+2	
88050007.000000	7.430E+2	
88075007.000000	7.770E+2	
88100007.000000	7.090E+2	
88125007.000000	7.560E+2	
88150007.000000	8.000E+2	
88175007.000000	7.090E+2	
88200007.000000	7.400E+2	
88225007.000000	7.660E+2	
88250007.000000	7.360E+2	
88275007.000000	7.730E+2	
88300007.000000	7.250E+2	
88325007.000000	6.820E+2	
88350007.000000	7.380E+2	
88375007.000000	7.460E+2	
88400007.000000	7.310E+2	
88425007.000000	7.770E+2	
88450007.000000	7.440E+2	
88475007.000000	7.360E+2	
88500007.000000	6.800E+2	
88525007.000000	7.520E+2	
88550007.000000	7.470E+2	
88575007.000000	7.310E+2	
88600007.000000	7.660E+2	
88625007.000000	7.700E+2	
88650007.000000	7.360E+2	
88675007.000000	7.200E+2	
88700007.000000	7.720E+2	
88725007.000000	7.630E+2	
88750007.000000	7.570E+2	
88775007.000000	7.310E+2	
88800007.000000	7.060E+2	
88825007.000000	7.620E+2	
88850007.000000	7.970E+2	
88875007.000000	7.250E+2	
88900007.000000	7.010E+2	
88925007.000000	7.690E+2	
88950007.000000	7.440E+2	
88975007.000000	7.450E+2	
89000007.000000	7.730E+2	
89025007.000000	7.520E+2	
89050007.000000	7.380E+2	
89075007.000000	7.060E+2	
89100007.000000	7.220E+2	
89125007.000000	7.320E+2	
89150007.000000	6.970E+2	
89175007.000000	7.450E+2	
89200007.000000	7.360E+2	
89225007.000000	7.570E+2	
89250007.000000	8.070E+2	
89275007.000000	6.670E+2	
89300007.000000	7.470E+2	
89325007.000000	7.820E+2	
89350007.000000	7.780E+2	
89375007.000000	7.680E+2	
89400007.000000	7.380E+2	
89425007.000000	7.760E+2	
89450007.000000	7.550E+2	
89475007.000000	7.480E+2	
89500007.000000	7.470E+2	
89525007.000000	7.500E+2	
89550007.000000	7.420E+2	
89575007.000000	7.000E+2	
89600007.000000	7.520E+2	
89625007.000000	7.320E+2	
89650007.000000	7.070E+2	
89675007.000000	7.660E+2	
89700007.000000	7.890E+2	
89725007.000000	7.520E+2	
89750007.000000	8.030E+2	
89775007.000000	7.270E+2	
89800007.000000	7.370E+2	
89825007.000000	7.480E+2	
89850007.000000	7.430E+2	
89875007.000000	7.540E+2	
89900007.000000	7.380E+2	
89925007.000000	7.440E+2	
89950007.000000	7.820E+2	
89975007.000000	7.490E+2	
90000007.000000	7.520E+2	
90025007.000000	7.390E+2	
90050007.000000	7.230E+2	
90075007.000000	7.520E+2	
90100007.000000	7.670E+2	
90125007.000000	8.070E+2	
90150007.000000	7.430E+2	
90175007.000000	7.570E+2	
90200007.000000	7.550E+2	
90225007.000000	6.740E+2	
90250007.000000	7.360E+2	
90275007.000000	7.410E+2	
90300007.000000	7.510E+2	
90325007.000000	7.960E+2	
90350007.000000	7.390E+2	
90375007.000000	7.030E+2	
90400007.000000	7.140E+2	
90425007.000000	7.370E+2	
90450007.000000	7.620E+2	
90475007.000000	6.970E+2	
90500007.000000	7.320E+2	
90525007.000000	7.760E+2	
90550007.000000	7.120E+2	
90575007.000000	7.430E+2	
90600007.000000	7.020E+2	
90625007.000000	7.640E+2	
90650007.000000	7.230E+2	
90675007.000000	7.720E+2	
90700007.000000	7.810E+2	
90725007.000000	7.580E+2	
90750007.000000	7.460E+2	
90775007.000000	7.350E+2	
90800007.000000	7.340E+2	
90825007.000000	7.280E+2	
90850007.000000	7.140E+2	
90875007.000000	7.290E+2	
90900007.000000	7.160E+2	
90925007.000000	7.460E+2	
90950007.000000	7.200E+2	
90975007.000000	7.370E+2	
91000007.000000	7.410E+2	
91025007.000000	6.930E+2	
91050007.000000	7.890E+2	
91075007.000000	7.490E+2	
91100007.000000	7.420E+2	
91125007.000000	7.440E+2	
91150007.000000	7.530E+2	
91175007.000000	7.780E+2	
91200007.000000	7.320E+2	
91225007.000000	7.510E+2	
91250007.000000	7.610E+2	
91275007.000000	7.550E+2	
91300007.000000	7.400E+2	
91325007.000000	7.210E+2	
91350007.000000	7.500E+2	
91375007.000000	7.550E+2	
91400007.000000	7.290E+2	
91425007.000000	7.220E+2	
91450007.000000	7.930E+2	
91475007.000000	7.160E+2	
91500007.000000	7.310E+2	
91525007.000000	7.660E+2	
91550007.000000	7.940E+2	
91575007.000000	7.780E+2	
91600007.000000	7.370E+2	
91625007.000000	7.110E+2	
91650007.000000	7.250E+2	
91675007.000000	7.570E+2	
91700007.000000	7.790E+2	
91725007.000000	6.940E+2	
91750007.000000	7.880E+2	
91775007.000000	7.320E+2	
91800007.000000	7.110E+2	
91825007.000000	6.880E+2	
91850007.000000	7.410E+2	
91875007.000000	7.490E+2	
91900007.000000	7.000E+2	
91925007.000000	7.070E+2	
91950007.000000	8.010E+2	
91975007.000000	7.320E+2	
92000007.000000	7.130E+2	
92025007.000000	7.480E+2	
92050007.000000	7.640E+2	
92075007.000000	7.370E+2	
92100007.000000	7.900E+2	
92125007.000000	6.970E+2	
92150007.000000	7.070E+2	
92175007.000000	7.580E+2	
92200007.000000	7.270E+2	
92225007.000000	7.920E+2	
92250007.000000	7.350E+2	
92275007.000000	7.540E+2	
92300007.000000	7.560E+2	
92325007.000000	7.230E+2	
92350007.000000	7.420E+2	
92375007.000000	7.760E+2	
92400007.000000	7.690E+2	
92425007.000000	7.370E+2	
92450007.000000	7.260E+2	
92475007.000000	7.090E+2	
92500007.000000	7.750E+2	
92525007.000000	7.470E+2	
92550007.000000	7.010E+2	
92575007.000000	7.240E+2	
92600007.000000	7.300E+2	
92625007.000000	7.470E+2	
92650007.000000	7.220E+2	
92675007.000000	7.310E+2	
92700007.000000	7.220E+2	
92725007.000000	7.920E+2	
92750007.000000	7.600E+2	
92775007.000000	6.970E+2	
92800007.000000	7.350E+2	
92825007.000000	7.020E+2	
92850007.000000	7.160E+2	
92875007.000000	7.170E+2	
92900007.000000	7.190E+2	
92925007.000000	7.480E+2	
92950007.000000	7.570E+2	
92975007.000000	7.540E+2	
93000007.000000	7.100E+2	
93025007.000000	7.600E+2	
93050007.000000	7.680E+2	
93075007.000000	7.230E+2	
93100007.000000	7.580E+2	
93125007.000000	7.050E+2	
93150007.000000	7.290E+2	
93175007.000000	6.710E+2	
93200007.000000	7.210E+2	
93225007.000000	7.200E+2	
93250007.000000	7.860E+2	
93275007.000000	7.570E+2	
93300007.000000	7.630E+2	
93325007.000000	7.780E+2	
93350007.000000	7.050E+2	
93375007.000000	7.530E+2	
93400007.000000	7.470E+2	
93425007.000000	7.350E+2	
93450007.000000	7.880E+2	
93475007.000000	7.230E+2	
93500007.000000	6.880E+2	
93525007.000000	7.600E+2	
93550007.000000	7.070E+2	
93575007.000000	7.170E+2	
93600007.000000	7.710E+2	
93625007.000000	7.150E+2	
93650007.000000	7.350E+2	
93675007.000000	7.270E+2	
93700007.000000	6.940E+2	
93725007.000000	7.460E+2	
93750007.000000	7.580E+2	
93775007.000000	7.870E+2	
93800007.000000	7.690E+2	
93825007.000000	7.180E+2	
93850007.000000	7.730E+2	
93875007.000000	7.530E+2	
93900007.000000	7.810E+2	
93925007.000000	7.620E+2	
93950007.000000	7.460E+2	
93975007.000000	6.990E+2	
94000007.000000	6.880E+2	
94025007.000000	7.600E+2	
94050007.000000	7.220E+2	
94075007.000000	7.150E+2	
94100007.000000	7.300E+2	
94125007.000000	7.680E+2	
94150007.000000	7.510E+2	
94175007.000000	7.650E+2	
94200007.000000	7.090E+2	
94225007.000000	7.770E+2	
94250007.000000	7.330E+2	
94275007.000000	7.200E+2	
94300007.000000	6.970E+2	
94325007.000000	7.520E+2	
94350007.000000	7.410E+2	
94375007.000000	7.700E+2	
94400007.000000	7.580E+2	
94425007.000000	6.730E+2	
94450007.000000	7.530E+2	
94475007.000000	6.670E+2	
94500007.000000	7.700E+2	
94525007.000000	7.090E+2	
94550007.000000	7.740E+2	
94575007.000000	7.160E+2	
94600007.000000	7.150E+2	
94625007.000000	6.760E+2	
94650007.000000	8.210E+2	
94675007.000000	7.460E+2	
94700007.000000	7.610E+2	
94725007.000000	7.510E+2	
94750007.000000	7.610E+2	
94775007.000000	7.220E+2	
94800007.000000	7.170E+2	
94825007.000000	7.150E+2	
94850007.000000	7.160E+2	
94875007.000000	7.240E+2	
94900007.000000	7.380E+2	
94925007.000000	7.130E+2	
94950007.000000	6.710E+2	
94975007.000000	7.130E+2	
95000007.000000	7.160E+2	
95025007.000000	7.300E+2	
95050007.000000	7.310E+2	
95075007.000000	7.500E+2	
95100007.000000	6.710E+2	
95125007.000000	7.510E+2	
95150007.000000	7.170E+2	
95175007.000000	7.280E+2	
95200007.000000	7.300E+2	
95225007.000000	7.200E+2	
95250007.000000	7.280E+2	
95275007.000000	7.370E+2	
95300007.000000	7.000E+2	
95325007.000000	7.620E+2	
95350007.000000	7.530E+2	
95375007.000000	7.080E+2	
95400007.000000	7.730E+2	
95425007.000000	7.500E+2	
95450007.000000	6.780E+2	
95475007.000000	7.590E+2	
95500007.000000	7.440E+2	
95525007.000000	7.720E+2	
95550007.000000	7.390E+2	
95575007.000000	7.660E+2	
95600007.000000	7.740E+2	
95625007.000000	7.670E+2	
95650007.000000	7.690E+2	
95675007.000000	7.060E+2	
95700007.000000	6.620E+2	
95725007.000000	8.040E+2	
95750007.000000	7.620E+2	
95775007.000000	7.190E+2	
95800007.000000	7.550E+2	
95825007.000000	7.690E+2	
95850007.000000	7.030E+2	
95875007.000000	7.010E+2	
95900007.000000	7.100E+2	
95925007.000000	7.170E+2	
95950007.000000	7.400E+2	
95975007.000000	7.010E+2	
96000008.000000	6.800E+2	
96025008.000000	7.320E+2	
96050008.000000	7.870E+2	
96075008.000000	7.330E+2	
96100008.000000	7.060E+2	
96125008.000000	7.130E+2	
96150008.000000	7.210E+2	
96175008.000000	7.320E+2	
96200008.000000	7.180E+2	
96225008.000000	7.300E+2	
96250008.000000	7.270E+2	
96275008.000000	7.510E+2	
96300008.000000	7.430E+2	
96325008.000000	7.250E+2	
96350008.000000	7.410E+2	
96375008.000000	6.980E+2	
96400008.000000	7.130E+2	
96425008.000000	7.470E+2	
96450008.000000	7.190E+2	
96475008.000000	7.390E+2	
96500008.000000	7.130E+2	
96525008.000000	7.450E+2	
96550008.000000	7.810E+2	
96575008.000000	7.160E+2	
96600008.000000	7.420E+2	
96625008.000000	7.200E+2	
96650008.000000	7.480E+2	
96675008.000000	7.190E+2	
96700008.000000	7.750E+2	
96725008.000000	7.420E+2	
96750008.000000	7.040E+2	
96775008.000000	7.300E+2	
96800008.000000	7.370E+2	
96825008.000000	7.130E+2	
96850008.000000	7.760E+2	
96875008.000000	7.400E+2	
96900008.000000	7.080E+2	
96925008.000000	7.160E+2	
96950008.000000	7.150E+2	
96975008.000000	8.080E+2	
97000008.000000	7.760E+2	
97025008.000000	7.780E+2	
97050008.000000	7.370E+2	
97075008.000000	7.190E+2	
97100008.000000	7.600E+2	
97125008.000000	7.030E+2	
97150008.000000	7.300E+2	
97175008.000000	7.130E+2	
97200008.000000	7.530E+2	
97225008.000000	7.300E+2	
97250008.000000	7.420E+2	
97275008.000000	7.230E+2	
97300008.000000	7.470E+2	
97325008.000000	7.450E+2	
97350008.000000	7.560E+2	
97375008.000000	7.470E+2	
97400008.000000	7.260E+2	
97425008.000000	6.910E+2	
97450008.000000	7.340E+2	
97475008.000000	7.320E+2	
97500008.000000	7.330E+2	
97525008.000000	7.600E+2	
97550008.000000	7.170E+2	
97575008.000000	7.470E+2	
97600008.000000	7.240E+2	
97625008.000000	7.050E+2	
97650008.000000	7.600E+2	
97675008.000000	7.500E+2	
97700008.000000	7.440E+2	
97725008.000000	7.470E+2	
97750008.000000	7.910E+2	
97775008.000000	7.090E+2	
97800008.000000	7.610E+2	
97825008.000000	7.640E+2	
97850008.000000	6.980E+2	
97875008.000000	7.240E+2	
97900008.000000	7.420E+2	
97925008.000000	7.420E+2	
97950008.000000	7.310E+2	
97975008.000000	8.050E+2	
98000008.000000	7.770E+2	
98025008.000000	7.100E+2	
98050008.000000	7.210E+2	
98075008.000000	7.310E+2	
98100008.000000	6.920E+2	
98125008.000000	7.760E+2	
98150008.000000	7.290E+2	
98175008.000000	7.280E+2	
98200008.000000	7.790E+2	
98225008.000000	7.690E+2	
98250008.000000	7.350E+2	
98275008.000000	7.250E+2	
98300008.000000	8.090E+2	
98325008.000000	7.550E+2	
98350008.000000	7.210E+2	
98375008.000000	7.260E+2	
98400008.000000	7.730E+2	
98425008.000000	7.050E+2	
98450008.000000	7.530E+2	
98475008.000000	7.710E+2	
98500008.000000	7.810E+2	
98525008.000000	7.720E+2	
98550008.000000	7.150E+2	
98575008.000000	7.560E+2	
98600008.000000	7.120E+2	
98625008.000000	7.330E+2	
98650008.000000	7.310E+2	
98675008.000000	7.360E+2	
98700008.000000	6.920E+2	
98725008.000000	7.290E+2	
98750008.000000	7.040E+2	
98775008.000000	6.850E+2	
98800008.000000	7.320E+2	
98825008.000000	7.260E+2	
98850008.000000	7.210E+2	
98875008.000000	7.140E+2	
98900008.000000	7.450E+2	
98925008.000000	7.510E+2	
98950008.000000	6.720E+2	
98975008.000000	7.000E+2	
99000008.000000	7.210E+2	
99025008.000000	7.170E+2	
99050008.000000	7.410E+2	
99075008.000000	7.110E+2	
99100008.000000	7.320E+2	
99125008.000000	7.730E+2	
99150008.000000	7.380E+2	
99175008.000000	7.390E+2	
99200008.000000	7.490E+2	
99225008.000000	7.830E+2	
99250008.000000	7.630E+2	
99275008.000000	7.070E+2	
99300008.000000	7.080E+2	
99325008.000000	7.490E+2	
99350008.000000	7.450E+2	
99375008.000000	7.670E+2	
99400008.000000	7.420E+2	
99425008.000000	7.300E+2	
99450008.000000	6.860E+2	
99475008.000000	7.280E+2	
99500008.000000	7.480E+2	
99525008.000000	7.300E+2	
99550008.000000	7.330E+2	
99575008.000000	7.080E+2	
99600008.000000	7.500E+2	
99625008.000000	7.150E+2	
99650008.000000	7.400E+2	
99675008.000000	7.120E+2	
99700008.000000	7.000E+2	
99725008.000000	7.680E+2	
99750008.000000	7.810E+2	
99775008.000000	7.570E+2	
99800008.000000	7.510E+2	
99825008.000000	7.170E+2	
99850008.000000	7.250E+2	
99875008.000000	7.620E+2	
99900008.000000	7.840E+2	
99925008.000000	7.680E+2	
99950008.000000	7.150E+2	
99975008.000000	7.500E+2	
