  Title : t15_100ms_500ma_emptycell2
  Version : 1
  Revision : 3.1
  Date : 02-18-2016
  Time : 09:51:32
  Author : Unknown
  Company : Unknown
  Contents :
  
*BLOCK 1_A
1415219
1414210
1413577
1410239
1406381
1403693
1401025
1397850
1395956
1393201
1390965
1388289
1386207
1383478
1379747
1378746
1374108
1373222
1370296
1367286
1367405
1364063
1361690
1357478
1356311
1353778
1351696
1351377
1349970
1348306
1345836
1344538
1342164
1339872
1338618
1335920
1336319
1331750
1331001
1328156
1329443
1326193
1324429
1322875
1321184
1320496
1320064
1319330
1317351
1315023
1313942
1311798
1309978
1308959
1309934
1307501
1304861
1304688
1302177
1301485
1300394
1299429
1298324
1297257
1298805
1295328
1293343
1293965
1292150
1291405
1290062
1287692
1288253
1284704
1285613
1284979
1284122
1283654
1282611
1281261
1279248
1279057
1278509
1276415
1279115
1275379
1274756
1274651
1273752
1271877
1272869
1272068
1270390
1270383
1269513
1268399
1267705
1267948
1267988
1265495
1264879
1263035
1264100
1264334
1263083
1262489
1262041
1261393
1263029
1258399
1259325
1257050
1257145
1257156
1255611
1256775
1255060
1256372
1254864
1253351
1252591
1252841
1251924
1253359
1252025
1251917
1250635
1251826
1250729
1249471
1247758
1247397
1248877
1247551
1247102
1246718
1245978
1245441
1244343
1245037
1243205
1244273
1244516
1241608
1242404
1240643
1241566
1242262
1241252
1241607
1239920
1239688
1238606
1239692
1238348
1236776
1238148
1238009
1236751
1238642
1237158
1239279
1236583
1236872
1236683
1236028
1235330
1235199
1234028
1234830
1234323
1233805
1232715
1233449
1232388
1232584
1231333
1231845
1229680
1230588
1231135
1232106
1229970
1230833
1230586
1229313
1229280
1230356
1227863
1229502
1230376
1229342
1227470
1226957
1228639
1226165
1228081
1227980
1227263
1226984
1225632
1227077
1227816
1225081
1225454
1224317
1225309
1225692
1226210
1225088
1221690
1225113
1222290
1222670
1224413
1223833
1223260
1221944
1223099
1222886
1222590
1221337
1221742
1222222
1222145
1220223
1220947
1222069
1220848
1220517
1220523
1220895
1220121
1220789
1220836
1221094
1218570
1220882
1220151
1218723
1219849
1219668
1221786
1219537
1218129
1219607
1218460
1217983
1221848
1216837
1216619
1217027
1218527
1217019
1218425
1218885
1217488
1218691
1216264
1216506
1215679
1218592
1215978
1217571
1215781
1215815
1216932
1214402
1214328
1216187
1214555
1214726
1214990
1214987
1216870
1213458
1215898
1214050
1215739
1215074
1214447
1214832
1212920
1214732
1214478
1214049
1213096
1210470
1213291
1214333
1212496
1214807
1213986
1214430
1211456
1214982
1214796
1212164
1211797
1211410
1212329
1210483
1212876
1211744
1211878
1211359
1212055
1211373
1211232
1212201
1211559
1210408
1211191
1211723
1210791
1211435
1210131
1211526
1212279
1210735
1212328
1210565
1211226
1210724
1210615
1210326
1210940
1209904
1210158
1209230
1209486
1210221
1211528
1210017
1211668
1210772
1210089
1211627
1208976
1209274
1210763
1209359
1210222
1210369
1210817
1210474
1209866
1210381
1211109
1209899
1209627
1210830
1210553
1208777
1210365
1208618
1208668
1209486
1207652
1208490
1207686
1209667
1208204
1208780
1208649
1208871
1210726
1208942
1208449
1208548
1207112
1209249
1207409
1210028
1208907
1206768
1209016
1209252
1208431
1208638
1211337
1209680
1208410
1208640
1209982
1209118
1207757
1206769
1208131
1208469
1207766
1206958
1208020
1206068
1208770
1206743
1207448
1208196
1207758
1207219
1208415
1208110
1205929
1207785
1207425
1205611
1208379
1205946
1208078
1205835
1206745
1208225
1205606
1207593
1205773
1204084
1204764
1207601
1207646
1207805
1206108
1207254
1206892
1207015
1206325
1206577
1205524
1206676
1209133
1207026
1208327
1206677
1208109
1207641
1207276
1207418
1206635
1205703
1206801
1206039
1207030
1207253
1205870
1205638
1205204
1206583
1205669
1206397
1205171
1208437
1206119
1205885
1206242
1207269
1206870
1205162
1206678
1204968
1205391
1204866
1206661
1206149
1206650
1207142
1206431
1205977
1207138
1204301
1205233
1207199
1205138
1206820
1207082
1204781
1204595
1205139
1206119
1204309
1205514
1205700
1206433
1205446
1205284
1205429
1206507
1206605
1204749
1206929
1204557
1205247
1205454
1205292
1204571
1205756
1206922
1204831
1206086
1206100
1206411
1206015
1203907
1208230
1205961
1205064
1203569
1206033
1205847
1208051
1203828
1205019
1204594
1206914
1205328
1205955
1205478
1204609
1203466
1205256
1203557
1203684
1204765
1203662
1205311
1204349
1205873
1204911
1204298
1205752
1203845
1204521
1204767
1205664
1205127
1203846
1204641
1204612
1205825
1204956
1203535
1203418
1205215
1205202
1204585
1203837
1204176
1206153
1204407
1204179
1204261
1204124
1204507
1203620
1203997
1204663
1204340
1202865
1205914
1204514
1204918
1204581
1203970
1204183
1202667
1203873
1203829
1202822
1204858
1205803
1204249
1203710
1204424
1203349
1204537
1205667
1204785
1205228
1204062
1204997
1204902
1203895
1203716
1204903
1203650
1202900
1204101
1203647
1204145
1203631
1202609
1203425
1203603
1203145
1204574
1204016
1205396
1203644
1204147
1205289
1204786
1205044
1204147
1204546
1202836
1204273
1205656
1203443
1207383
1203892
1204892
1204756
1206147
1202437
1204980
1203821
1204457
1203912
1205384
1205349
1204731
1204017
1202235
1202252
1203825
1204492
1203681
1202536
1202916
1204445
1203004
1203756
1204857
1202315
1203570
1202958
1203870
1203337
1204769
1204780
1205597
1202685
1204717
1203581
1203092
1204588
1203195
1205513
1203239
1203071
1203066
1205345
1202936
1202514
1203776
1204859
1203522
1202974
1204231
1203102
1201414
1203541
1203016
1203828
1202679
1204539
1203118
1203367
1202199
1204073
1205089
1204315
1203783
1203118
1203320
1205395
1203768
1202922
1203092
1204060
1203359
1203296
1203042
1201387
1204840
1205618
1203638
1203563
1202865
1202931
1204460
1203633
1203683
1202540
1202594
1202093
1204588
1203512
1203076
1204307
1201845
1203475
1202563
1203322
1203649
1203986
1204125
1205132
1203069
1202786
1202565
1203661
1203426
1202649
1202333
1204705
1205046
1203933
1206096
1201907
1201946
1203927
1202315
1203306
1204732
1203632
1203905
1203933
1204141
1203562
1204916
1202899
1205029
1203926
1204152
1205392
1204505
1203818
1203927
1204458
1203664
1204408
1204520
1202847
1203630
1204316
1204608
1204113
1204177
1202606
1203890
1203537
1203612
1204335
1203558
1201686
1203613
1204911
1203787
1203767
1201375
1202958
1203642
1204665
1203300
1205522
1203455
1205358
1205327
1203772
1204830
1204130
1202808
1201680
1204037
1203401
1204334
1202930
1203796
1203425
1202012
1202347
1202115
1204595
1203657
1202987
1203168
1203646
1204984
1202864
1203963
1203937
1204466
1202707
1204266
1203939
1201587
1204998
1203598
1204094
1203530
1202391
1203590
1202534
1202732
1203343
1203782
1203031
1200974
1203323
1203025
1203446
1203540
1204333
1202132
1202889
1204080
1202272
1203602
1201900
1202550
1203204
1201985
1204366
1203779
1203792
1202239
1203618
1203481
1203255
1201709
1203265
1203218
1204208
1203774
1202403
1203917
1203053
1204360
1201990
1202561
1204908
1203845
1202510
1201633
1203506
1202470
1203320
1202287
1203568
1202972
1201676
1201134
1202040
1203005
1204108
1203162
1202677
1203139
1200954
1203484
1202285
1202169
1203353
1203309
1204633
1202302
1202233
1204396
1201703
1202578
1202922
1201761
1204589
1201396
1203146
1203410
1205303
1202062
1202935
1202677
1203541
1203857
1203677
1202175
1203604
1202452
1202877
1201981
1204090
1202555
1201351
1203683
1204607
1203991
1203152
1201985
1202503
1201909
1203465
1203171
1202613
1203625
1202096
1204408
1202056
1201756
1201453
1204122
1204722
1204551
1202843
1202919
1203402
1202732
1202415
1202292
1202844
1203926
1203458
1202820
1201874
1203769
1202668
1204027
1202691
1202180
1202064
1203857
1203302
1203823
1203765
1201220
1202913
1202396
1203869
1203447
1202235
1201427
1203913
1201189
1203215
1201250
1203578
1202495
1202514
1203361
1204559
1202283
1202575
1202765
1202695
1204381
1203742
1201928
1202566
1204089
1203051
1203106
1201736
1202125
1202190
1203407
1203433
1203006
1202900
1202233
1203586
1201976
1202853
1202680
1201664
1202198
1202370
1203432
1203602
1201446
1204179
1202864
1202490
1203638
1202782
1202906
1201689
1203199
1203136
1202356
1204216
1202063
1203965
1202771
1202148
1202689
1205490
1203080
1202265
1202316
1203170
1204707
1202204
1203807
1200945
*END
